Id,label
60001,5
60002,6
60003,4
60004,3
60005,7
60006,4
60007,1
60008,1
60009,2
60010,4
60011,0
60012,9
60013,3
60014,4
60015,9
60016,3
60017,1
60018,4
60019,0
60020,9
60021,3
60022,5
60023,3
60024,8
60025,9
60026,1
60027,5
60028,6
60029,0
60030,1
60031,4
60032,4
60033,5
60034,8
60035,9
60036,9
60037,1
60038,8
60039,2
60040,4
60041,4
60042,4
60043,4
60044,9
60045,9
60046,8
60047,4
60048,2
60049,9
60050,0
60051,9
60052,7
60053,8
60054,1
60055,1
60056,3
60057,9
60058,0
60059,9
60060,7
60061,5
60062,5
60063,7
60064,0
60065,1
60066,8
60067,5
60068,2
60069,0
60070,4
60071,1
60072,4
60073,9
60074,4
60075,9
60076,6
60077,9
60078,8
60079,0
60080,9
60081,4
60082,4
60083,4
60084,9
60085,3
60086,0
60087,1
60088,0
60089,6
60090,5
60091,4
60092,4
60093,3
60094,1
60095,2
60096,3
60097,4
60098,9
60099,4
60100,8
60101,0
60102,9
60103,3
60104,8
60105,8
60106,9
60107,4
60108,4
60109,4
60110,3
60111,9
60112,8
60113,1
60114,9
60115,0
60116,7
60117,0
60118,9
60119,4
60120,1
60121,0
60122,9
60123,2
60124,4
60125,9
60126,4
60127,5
60128,0
60129,4
60130,5
60131,4
60132,0
60133,2
60134,0
60135,4
60136,5
60137,5
60138,5
60139,2
60140,0
60141,7
60142,4
60143,4
60144,1
60145,4
60146,3
60147,7
60148,3
60149,4
60150,8
60151,5
60152,4
60153,4
60154,4
60155,8
60156,3
60157,5
60158,9
60159,1
60160,4
60161,4
60162,0
60163,7
60164,0
60165,5
60166,5
60167,9
60168,7
60169,5
60170,4
60171,1
60172,5
60173,4
60174,0
60175,7
60176,4
60177,1
60178,4
60179,7
60180,0
60181,1
60182,0
60183,4
60184,3
60185,0
60186,1
60187,0
60188,0
60189,4
60190,4
60191,9
60192,4
60193,2
60194,4
60195,1
60196,1
60197,9
60198,4
60199,4
60200,9
60201,4
60202,4
60203,1
60204,0
60205,3
60206,9
60207,0
60208,4
60209,0
60210,3
60211,9
60212,3
60213,4
60214,4
60215,4
60216,0
60217,0
60218,4
60219,5
60220,8
60221,6
60222,0
60223,9
60224,9
60225,7
60226,0
60227,4
60228,5
60229,4
60230,4
60231,0
60232,1
60233,7
60234,4
60235,7
60236,7
60237,4
60238,0
60239,7
60240,8
60241,2
60242,4
60243,0
60244,5
60245,0
60246,1
60247,4
60248,4
60249,7
60250,3
60251,4
60252,4
60253,7
60254,4
60255,8
60256,9
60257,9
60258,0
60259,7
60260,0
60261,9
60262,5
60263,3
60264,7
60265,0
60266,8
60267,5
60268,3
60269,7
60270,0
60271,4
60272,8
60273,4
60274,9
60275,3
60276,4
60277,4
60278,2
60279,4
60280,5
60281,4
60282,3
60283,7
60284,9
60285,2
60286,4
60287,4
60288,0
60289,3
60290,0
60291,4
60292,5
60293,8
60294,7
60295,5
60296,8
60297,1
60298,4
60299,4
60300,9
60301,7
60302,8
60303,4
60304,3
60305,5
60306,4
60307,0
60308,7
60309,1
60310,4
60311,1
60312,1
60313,4
60314,4
60315,3
60316,2
60317,5
60318,6
60319,4
60320,9
60321,0
60322,5
60323,0
60324,1
60325,7
60326,4
60327,7
60328,9
60329,4
60330,9
60331,3
60332,3
60333,3
60334,4
60335,4
60336,0
60337,4
60338,7
60339,4
60340,6
60341,9
60342,9
60343,5
60344,9
60345,9
60346,0
60347,6
60348,1
60349,1
60350,0
60351,0
60352,4
60353,5
60354,6
60355,9
60356,4
60357,4
60358,4
60359,9
60360,9
60361,4
60362,0
60363,0
60364,4
60365,3
60366,9
60367,0
60368,1
60369,8
60370,8
60371,4
60372,0
60373,9
60374,8
60375,3
60376,4
60377,0
60378,8
60379,4
60380,5
60381,1
60382,9
60383,0
60384,2
60385,0
60386,5
60387,3
60388,0
60389,7
60390,4
60391,0
60392,7
60393,3
60394,1
60395,5
60396,7
60397,9
60398,4
60399,7
60400,1
60401,4
60402,4
60403,6
60404,4
60405,8
60406,1
60407,4
60408,8
60409,7
60410,4
60411,3
60412,7
60413,0
60414,9
60415,4
60416,4
60417,7
60418,1
60419,0
60420,0
60421,5
60422,4
60423,4
60424,5
60425,8
60426,9
60427,4
60428,9
60429,4
60430,4
60431,4
60432,4
60433,8
60434,4
60435,4
60436,5
60437,5
60438,9
60439,4
60440,4
60441,4
60442,8
60443,4
60444,3
60445,2
60446,3
60447,0
60448,3
60449,4
60450,4
60451,8
60452,4
60453,4
60454,0
60455,4
60456,1
60457,4
60458,3
60459,7
60460,4
60461,1
60462,1
60463,4
60464,4
60465,4
60466,5
60467,6
60468,4
60469,7
60470,5
60471,4
60472,4
60473,4
60474,2
60475,8
60476,0
60477,0
60478,3
60479,7
60480,4
60481,3
60482,7
60483,4
60484,1
60485,4
60486,4
60487,0
60488,4
60489,4
60490,4
60491,4
60492,4
60493,1
60494,0
60495,5
60496,3
60497,5
60498,4
60499,6
60500,4
60501,5
60502,2
60503,5
60504,3
60505,5
60506,3
60507,3
60508,0
60509,5
60510,0
60511,0
60512,7
60513,4
60514,7
60515,0
60516,9
60517,9
60518,4
60519,5
60520,5
60521,1
60522,8
60523,9
60524,1
60525,9
60526,4
60527,5
60528,0
60529,8
60530,0
60531,0
60532,5
60533,2
60534,4
60535,0
60536,3
60537,8
60538,2
60539,2
60540,4
60541,0
60542,0
60543,4
60544,1
60545,4
60546,1
60547,4
60548,4
60549,4
60550,0
60551,8
60552,4
60553,7
60554,4
60555,5
60556,4
60557,1
60558,9
60559,7
60560,9
60561,1
60562,4
60563,4
60564,1
60565,0
60566,4
60567,0
60568,0
60569,0
60570,8
60571,8
60572,3
60573,1
60574,4
60575,4
60576,3
60577,5
60578,1
60579,1
60580,4
60581,0
60582,0
60583,9
60584,4
60585,2
60586,2
60587,4
60588,5
60589,4
60590,9
60591,8
60592,0
60593,1
60594,5
60595,1
60596,3
60597,2
60598,0
60599,7
60600,4
60601,4
60602,1
60603,4
60604,8
60605,0
60606,0
60607,5
60608,4
60609,0
60610,7
60611,3
60612,2
60613,8
60614,1
60615,9
60616,4
60617,4
60618,8
60619,9
60620,9
60621,0
60622,5
60623,7
60624,9
60625,1
60626,0
60627,0
60628,0
60629,1
60630,4
60631,9
60632,5
60633,1
60634,4
60635,4
60636,7
60637,4
60638,5
60639,5
60640,0
60641,8
60642,0
60643,4
60644,1
60645,7
60646,4
60647,0
60648,4
60649,4
60650,3
60651,8
60652,1
60653,9
60654,9
60655,9
60656,5
60657,1
60658,1
60659,4
60660,9
60661,0
60662,5
60663,7
60664,2
60665,4
60666,5
60667,0
60668,4
60669,4
60670,9
60671,4
60672,5
60673,1
60674,4
60675,5
60676,9
60677,3
60678,0
60679,9
60680,7
60681,7
60682,0
60683,8
60684,0
60685,2
60686,9
60687,8
60688,9
60689,5
60690,2
60691,8
60692,0
60693,4
60694,9
60695,6
60696,4
60697,9
60698,2
60699,8
60700,4
60701,4
60702,5
60703,4
60704,1
60705,0
60706,4
60707,3
60708,1
60709,9
60710,5
60711,1
60712,3
60713,4
60714,4
60715,9
60716,9
60717,0
60718,4
60719,4
60720,0
60721,9
60722,4
60723,1
60724,0
60725,8
60726,5
60727,7
60728,6
60729,1
60730,9
60731,0
60732,0
60733,0
60734,1
60735,6
60736,7
60737,3
60738,3
60739,4
60740,9
60741,5
60742,0
60743,7
60744,8
60745,1
60746,9
60747,9
60748,3
60749,4
60750,4
60751,9
60752,5
60753,3
60754,0
60755,4
60756,4
60757,3
60758,0
60759,0
60760,4
60761,4
60762,8
60763,2
60764,4
60765,3
60766,4
60767,7
60768,5
60769,4
60770,4
60771,4
60772,2
60773,3
60774,1
60775,1
60776,3
60777,1
60778,0
60779,1
60780,4
60781,0
60782,5
60783,3
60784,4
60785,4
60786,7
60787,0
60788,5
60789,0
60790,4
60791,4
60792,9
60793,4
60794,4
60795,4
60796,4
60797,1
60798,4
60799,1
60800,2
60801,9
60802,4
60803,4
60804,1
60805,4
60806,0
60807,1
60808,4
60809,4
60810,4
60811,1
60812,5
60813,2
60814,9
60815,9
60816,0
60817,0
60818,4
60819,9
60820,0
60821,2
60822,5
60823,4
60824,7
60825,0
60826,2
60827,4
60828,6
60829,0
60830,0
60831,4
60832,1
60833,3
60834,1
60835,8
60836,7
60837,7
60838,9
60839,0
60840,4
60841,0
60842,4
60843,8
60844,4
60845,3
60846,4
60847,9
60848,7
60849,8
60850,0
60851,0
60852,0
60853,4
60854,0
60855,0
60856,1
60857,7
60858,0
60859,4
60860,4
60861,8
60862,9
60863,4
60864,4
60865,1
60866,1
60867,8
60868,0
60869,4
60870,2
60871,8
60872,8
60873,4
60874,8
60875,8
60876,4
60877,4
60878,0
60879,9
60880,4
60881,0
60882,2
60883,0
60884,3
60885,2
60886,4
60887,0
60888,1
60889,5
60890,4
60891,1
60892,7
60893,1
60894,5
60895,7
60896,8
60897,1
60898,8
60899,8
60900,9
60901,4
60902,3
60903,7
60904,3
60905,9
60906,4
60907,2
60908,5
60909,9
60910,4
60911,2
60912,1
60913,4
60914,1
60915,4
60916,4
60917,2
60918,5
60919,7
60920,4
60921,9
60922,9
60923,5
60924,0
60925,3
60926,4
60927,8
60928,0
60929,9
60930,4
60931,3
60932,4
60933,9
60934,1
60935,1
60936,7
60937,7
60938,4
60939,1
60940,4
60941,5
60942,1
60943,0
60944,0
60945,6
60946,4
60947,4
60948,4
60949,0
60950,9
60951,4
60952,4
60953,2
60954,2
60955,1
60956,5
60957,8
60958,4
60959,4
60960,8
60961,3
60962,5
60963,5
60964,4
60965,0
60966,4
60967,9
60968,4
60969,0
60970,9
60971,2
60972,1
60973,7
60974,3
60975,8
60976,7
60977,3
60978,4
60979,9
60980,5
60981,8
60982,9
60983,4
60984,0
60985,8
60986,2
60987,5
60988,1
60989,4
60990,9
60991,4
60992,5
60993,9
60994,1
60995,3
60996,4
60997,1
60998,5
60999,9
61000,1
61001,4
61002,4
61003,0
61004,4
61005,9
61006,8
61007,0
61008,4
61009,4
61010,4
61011,0
61012,7
61013,4
61014,1
61015,6
61016,1
61017,5
61018,9
61019,0
61020,0
61021,5
61022,4
61023,7
61024,4
61025,8
61026,3
61027,4
61028,4
61029,2
61030,9
61031,6
61032,2
61033,5
61034,9
61035,0
61036,1
61037,4
61038,1
61039,0
61040,1
61041,6
61042,7
61043,3
61044,4
61045,0
61046,7
61047,1
61048,0
61049,5
61050,4
61051,6
61052,1
61053,4
61054,9
61055,4
61056,4
61057,4
61058,7
61059,4
61060,3
61061,4
61062,1
61063,3
61064,9
61065,0
61066,8
61067,0
61068,1
61069,9
61070,4
61071,0
61072,5
61073,5
61074,5
61075,8
61076,2
61077,4
61078,9
61079,5
61080,0
61081,5
61082,5
61083,4
61084,4
61085,1
61086,6
61087,3
61088,0
61089,4
61090,4
61091,1
61092,4
61093,0
61094,4
61095,0
61096,8
61097,4
61098,8
61099,4
61100,8
61101,5
61102,0
61103,4
61104,9
61105,0
61106,9
61107,4
61108,5
61109,7
61110,9
61111,2
61112,9
61113,5
61114,4
61115,3
61116,3
61117,7
61118,4
61119,5
61120,4
61121,7
61122,4
61123,0
61124,4
61125,0
61126,0
61127,1
61128,4
61129,4
61130,7
61131,0
61132,5
61133,0
61134,4
61135,0
61136,0
61137,0
61138,3
61139,0
61140,3
61141,1
61142,8
61143,1
61144,9
61145,4
61146,8
61147,0
61148,1
61149,3
61150,4
61151,7
61152,4
61153,3
61154,7
61155,7
61156,4
61157,0
61158,3
61159,7
61160,4
61161,7
61162,0
61163,4
61164,5
61165,4
61166,4
61167,5
61168,2
61169,4
61170,0
61171,5
61172,4
61173,3
61174,9
61175,9
61176,1
61177,4
61178,3
61179,4
61180,9
61181,9
61182,9
61183,9
61184,0
61185,9
61186,1
61187,7
61188,2
61189,7
61190,7
61191,4
61192,9
61193,7
61194,8
61195,0
61196,4
61197,8
61198,0
61199,4
61200,4
61201,5
61202,8
61203,8
61204,9
61205,4
61206,0
61207,8
61208,8
61209,5
61210,4
61211,0
61212,2
61213,8
61214,0
61215,2
61216,9
61217,0
61218,3
61219,4
61220,9
61221,9
61222,7
61223,4
61224,3
61225,7
61226,3
61227,7
61228,4
61229,9
61230,5
61231,4
61232,9
61233,2
61234,9
61235,0
61236,4
61237,8
61238,8
61239,7
61240,4
61241,4
61242,9
61243,9
61244,9
61245,4
61246,4
61247,4
61248,0
61249,8
61250,0
61251,4
61252,9
61253,1
61254,4
61255,4
61256,5
61257,9
61258,3
61259,1
61260,5
61261,6
61262,3
61263,1
61264,5
61265,4
61266,0
61267,0
61268,0
61269,0
61270,1
61271,2
61272,1
61273,5
61274,4
61275,3
61276,4
61277,9
61278,5
61279,1
61280,4
61281,8
61282,7
61283,4
61284,0
61285,7
61286,4
61287,7
61288,3
61289,7
61290,6
61291,0
61292,0
61293,5
61294,4
61295,4
61296,1
61297,2
61298,4
61299,0
61300,4
61301,9
61302,8
61303,8
61304,4
61305,9
61306,9
61307,2
61308,1
61309,3
61310,1
61311,7
61312,4
61313,7
61314,9
61315,4
61316,4
61317,4
61318,4
61319,4
61320,8
61321,7
61322,3
61323,3
61324,4
61325,4
61326,2
61327,1
61328,8
61329,3
61330,7
61331,8
61332,9
61333,7
61334,3
61335,4
61336,0
61337,1
61338,3
61339,4
61340,0
61341,1
61342,0
61343,5
61344,0
61345,4
61346,4
61347,3
61348,7
61349,5
61350,0
61351,0
61352,0
61353,4
61354,0
61355,2
61356,1
61357,4
61358,0
61359,5
61360,5
61361,9
61362,7
61363,4
61364,7
61365,7
61366,4
61367,9
61368,9
61369,4
61370,0
61371,0
61372,6
61373,4
61374,4
61375,3
61376,7
61377,1
61378,8
61379,3
61380,9
61381,0
61382,5
61383,1
61384,4
61385,3
61386,0
61387,4
61388,4
61389,9
61390,4
61391,2
61392,4
61393,7
61394,3
61395,4
61396,4
61397,4
61398,1
61399,9
61400,9
61401,4
61402,4
61403,3
61404,5
61405,9
61406,3
61407,9
61408,0
61409,9
61410,9
61411,0
61412,5
61413,0
61414,3
61415,0
61416,8
61417,4
61418,9
61419,7
61420,3
61421,4
61422,0
61423,4
61424,5
61425,1
61426,4
61427,5
61428,0
61429,4
61430,9
61431,4
61432,9
61433,4
61434,9
61435,9
61436,9
61437,0
61438,4
61439,3
61440,1
61441,5
61442,0
61443,4
61444,2
61445,3
61446,4
61447,5
61448,7
61449,9
61450,8
61451,0
61452,1
61453,4
61454,0
61455,4
61456,4
61457,1
61458,5
61459,5
61460,9
61461,6
61462,4
61463,4
61464,5
61465,7
61466,5
61467,8
61468,5
61469,1
61470,9
61471,0
61472,4
61473,4
61474,0
61475,8
61476,0
61477,4
61478,1
61479,9
61480,3
61481,9
61482,9
61483,1
61484,1
61485,4
61486,4
61487,4
61488,9
61489,4
61490,4
61491,5
61492,4
61493,1
61494,0
61495,4
61496,2
61497,2
61498,4
61499,9
61500,4
61501,1
61502,9
61503,5
61504,0
61505,2
61506,0
61507,0
61508,1
61509,1
61510,9
61511,8
61512,4
61513,3
61514,5
61515,1
61516,0
61517,8
61518,4
61519,0
61520,7
61521,5
61522,8
61523,0
61524,4
61525,9
61526,1
61527,3
61528,8
61529,1
61530,7
61531,8
61532,1
61533,0
61534,4
61535,6
61536,0
61537,2
61538,4
61539,7
61540,0
61541,4
61542,1
61543,8
61544,4
61545,2
61546,3
61547,4
61548,7
61549,5
61550,9
61551,0
61552,7
61553,4
61554,0
61555,4
61556,2
61557,7
61558,3
61559,9
61560,5
61561,4
61562,9
61563,4
61564,4
61565,0
61566,1
61567,4
61568,9
61569,5
61570,7
61571,3
61572,1
61573,7
61574,9
61575,4
61576,4
61577,1
61578,6
61579,0
61580,0
61581,9
61582,5
61583,6
61584,4
61585,1
61586,9
61587,4
61588,2
61589,4
61590,4
61591,4
61592,7
61593,9
61594,7
61595,2
61596,4
61597,1
61598,9
61599,5
61600,4
61601,7
61602,9
61603,0
61604,1
61605,0
61606,2
61607,4
61608,7
61609,5
61610,1
61611,0
61612,8
61613,4
61614,8
61615,1
61616,9
61617,8
61618,9
61619,2
61620,9
61621,9
61622,1
61623,9
61624,4
61625,8
61626,4
61627,1
61628,3
61629,6
61630,4
61631,9
61632,9
61633,5
61634,5
61635,8
61636,6
61637,1
61638,0
61639,0
61640,3
61641,1
61642,7
61643,1
61644,7
61645,5
61646,4
61647,0
61648,4
61649,5
61650,4
61651,1
61652,0
61653,6
61654,8
61655,9
61656,0
61657,8
61658,9
61659,4
61660,7
61661,9
61662,4
61663,4
61664,0
61665,4
61666,4
61667,0
61668,4
61669,5
61670,4
61671,4
61672,1
61673,4
61674,1
61675,4
61676,3
61677,1
61678,0
61679,8
61680,4
61681,0
61682,0
61683,2
61684,9
61685,5
61686,0
61687,9
61688,3
61689,0
61690,4
61691,4
61692,9
61693,5
61694,4
61695,9
61696,7
61697,0
61698,1
61699,8
61700,7
61701,8
61702,4
61703,4
61704,0
61705,8
61706,9
61707,4
61708,6
61709,5
61710,5
61711,1
61712,0
61713,0
61714,4
61715,0
61716,4
61717,9
61718,9
61719,9
61720,8
61721,4
61722,3
61723,1
61724,1
61725,0
61726,5
61727,0
61728,7
61729,7
61730,4
61731,4
61732,2
61733,8
61734,9
61735,9
61736,2
61737,4
61738,2
61739,4
61740,8
61741,9
61742,4
61743,4
61744,0
61745,9
61746,9
61747,2
61748,4
61749,7
61750,3
61751,5
61752,2
61753,1
61754,4
61755,4
61756,7
61757,1
61758,9
61759,0
61760,0
61761,4
61762,4
61763,2
61764,4
61765,9
61766,0
61767,7
61768,8
61769,1
61770,1
61771,4
61772,4
61773,8
61774,4
61775,3
61776,4
61777,8
61778,4
61779,0
61780,8
61781,7
61782,6
61783,1
61784,3
61785,3
61786,0
61787,7
61788,9
61789,8
61790,0
61791,4
61792,4
61793,4
61794,4
61795,2
61796,4
61797,5
61798,7
61799,4
61800,0
61801,5
61802,8
61803,7
61804,4
61805,4
61806,1
61807,5
61808,8
61809,4
61810,9
61811,9
61812,1
61813,4
61814,4
61815,3
61816,2
61817,3
61818,9
61819,4
61820,4
61821,4
61822,1
61823,3
61824,0
61825,4
61826,4
61827,3
61828,4
61829,9
61830,4
61831,4
61832,4
61833,8
61834,4
61835,5
61836,7
61837,9
61838,1
61839,4
61840,0
61841,0
61842,0
61843,0
61844,4
61845,8
61846,3
61847,1
61848,8
61849,5
61850,5
61851,4
61852,5
61853,1
61854,5
61855,8
61856,4
61857,5
61858,8
61859,8
61860,7
61861,0
61862,1
61863,3
61864,4
61865,6
61866,8
61867,4
61868,3
61869,2
61870,0
61871,1
61872,7
61873,5
61874,6
61875,4
61876,9
61877,4
61878,8
61879,4
61880,0
61881,9
61882,3
61883,4
61884,8
61885,4
61886,7
61887,4
61888,9
61889,0
61890,8
61891,4
61892,9
61893,4
61894,8
61895,7
61896,4
61897,0
61898,9
61899,3
61900,4
61901,3
61902,1
61903,2
61904,9
61905,1
61906,3
61907,5
61908,4
61909,3
61910,5
61911,4
61912,4
61913,3
61914,3
61915,7
61916,7
61917,0
61918,0
61919,9
61920,9
61921,4
61922,1
61923,7
61924,4
61925,4
61926,4
61927,7
61928,3
61929,1
61930,0
61931,5
61932,4
61933,7
61934,6
61935,3
61936,9
61937,7
61938,4
61939,5
61940,1
61941,4
61942,9
61943,4
61944,4
61945,5
61946,4
61947,0
61948,4
61949,9
61950,4
61951,2
61952,4
61953,7
61954,9
61955,3
61956,5
61957,5
61958,7
61959,5
61960,8
61961,0
61962,3
61963,4
61964,4
61965,4
61966,2
61967,9
61968,4
61969,3
61970,8
61971,7
61972,0
61973,5
61974,4
61975,7
61976,4
61977,2
61978,0
61979,1
61980,0
61981,1
61982,3
61983,4
61984,1
61985,0
61986,4
61987,1
61988,1
61989,3
61990,7
61991,0
61992,4
61993,4
61994,8
61995,0
61996,2
61997,5
61998,9
61999,1
62000,3
62001,7
62002,4
62003,9
62004,3
62005,4
62006,9
62007,5
62008,2
62009,1
62010,2
62011,3
62012,4
62013,4
62014,2
62015,1
62016,0
62017,0
62018,9
62019,5
62020,1
62021,8
62022,7
62023,9
62024,6
62025,7
62026,0
62027,4
62028,9
62029,1
62030,1
62031,2
62032,8
62033,8
62034,1
62035,0
62036,5
62037,0
62038,3
62039,0
62040,6
62041,0
62042,6
62043,4
62044,9
62045,4
62046,4
62047,5
62048,1
62049,4
62050,9
62051,4
62052,1
62053,2
62054,4
62055,0
62056,4
62057,7
62058,1
62059,9
62060,9
62061,8
62062,0
62063,9
62064,7
62065,1
62066,4
62067,8
62068,7
62069,7
62070,4
62071,9
62072,4
62073,4
62074,4
62075,5
62076,4
62077,1
62078,7
62079,5
62080,4
62081,5
62082,0
62083,3
62084,4
62085,6
62086,7
62087,8
62088,4
62089,4
62090,4
62091,1
62092,4
62093,9
62094,4
62095,2
62096,0
62097,0
62098,8
62099,4
62100,3
62101,4
62102,1
62103,1
62104,3
62105,4
62106,5
62107,1
62108,6
62109,4
62110,1
62111,0
62112,4
62113,9
62114,5
62115,8
62116,7
62117,4
62118,8
62119,1
62120,7
62121,3
62122,8
62123,5
62124,4
62125,9
62126,0
62127,0
62128,4
62129,9
62130,2
62131,7
62132,4
62133,9
62134,0
62135,6
62136,5
62137,5
62138,4
62139,8
62140,0
62141,4
62142,8
62143,9
62144,9
62145,2
62146,3
62147,0
62148,7
62149,0
62150,3
62151,9
62152,4
62153,8
62154,9
62155,9
62156,4
62157,1
62158,0
62159,4
62160,1
62161,4
62162,1
62163,1
62164,7
62165,0
62166,3
62167,9
62168,7
62169,5
62170,4
62171,8
62172,2
62173,8
62174,5
62175,9
62176,1
62177,3
62178,4
62179,8
62180,4
62181,9
62182,8
62183,9
62184,9
62185,3
62186,4
62187,4
62188,7
62189,7
62190,0
62191,4
62192,4
62193,4
62194,9
62195,4
62196,2
62197,0
62198,1
62199,0
62200,8
62201,9
62202,2
62203,8
62204,2
62205,1
62206,4
62207,9
62208,4
62209,1
62210,1
62211,0
62212,1
62213,5
62214,4
62215,8
62216,8
62217,2
62218,4
62219,4
62220,7
62221,9
62222,0
62223,9
62224,9
62225,7
62226,1
62227,7
62228,4
62229,0
62230,4
62231,8
62232,3
62233,5
62234,4
62235,0
62236,8
62237,7
62238,3
62239,1
62240,9
62241,9
62242,3
62243,8
62244,5
62245,9
62246,1
62247,5
62248,0
62249,4
62250,0
62251,4
62252,5
62253,3
62254,4
62255,4
62256,0
62257,4
62258,2
62259,4
62260,0
62261,0
62262,1
62263,1
62264,1
62265,8
62266,7
62267,1
62268,1
62269,2
62270,5
62271,0
62272,7
62273,8
62274,3
62275,0
62276,9
62277,4
62278,0
62279,0
62280,8
62281,1
62282,3
62283,8
62284,4
62285,3
62286,0
62287,9
62288,0
62289,0
62290,4
62291,2
62292,7
62293,0
62294,4
62295,0
62296,7
62297,4
62298,3
62299,3
62300,9
62301,8
62302,9
62303,9
62304,3
62305,0
62306,4
62307,9
62308,4
62309,7
62310,2
62311,8
62312,3
62313,1
62314,6
62315,5
62316,4
62317,3
62318,2
62319,9
62320,4
62321,4
62322,4
62323,8
62324,4
62325,4
62326,4
62327,0
62328,3
62329,0
62330,3
62331,6
62332,4
62333,0
62334,2
62335,1
62336,0
62337,4
62338,4
62339,4
62340,0
62341,8
62342,3
62343,4
62344,3
62345,5
62346,5
62347,0
62348,6
62349,4
62350,7
62351,2
62352,3
62353,0
62354,4
62355,0
62356,1
62357,4
62358,0
62359,4
62360,1
62361,5
62362,7
62363,9
62364,3
62365,0
62366,2
62367,4
62368,2
62369,1
62370,2
62371,0
62372,4
62373,0
62374,0
62375,9
62376,4
62377,4
62378,9
62379,4
62380,0
62381,2
62382,1
62383,9
62384,9
62385,9
62386,8
62387,3
62388,5
62389,7
62390,4
62391,4
62392,4
62393,1
62394,4
62395,4
62396,4
62397,4
62398,4
62399,4
62400,0
62401,1
62402,5
62403,4
62404,0
62405,3
62406,7
62407,4
62408,7
62409,9
62410,7
62411,2
62412,4
62413,9
62414,4
62415,9
62416,9
62417,4
62418,4
62419,6
62420,8
62421,7
62422,9
62423,4
62424,7
62425,9
62426,7
62427,5
62428,8
62429,4
62430,3
62431,4
62432,8
62433,8
62434,7
62435,3
62436,4
62437,4
62438,4
62439,7
62440,5
62441,5
62442,4
62443,9
62444,3
62445,8
62446,3
62447,4
62448,3
62449,5
62450,4
62451,4
62452,0
62453,9
62454,8
62455,4
62456,9
62457,5
62458,9
62459,7
62460,4
62461,4
62462,8
62463,7
62464,4
62465,5
62466,0
62467,4
62468,7
62469,0
62470,4
62471,9
62472,4
62473,4
62474,2
62475,0
62476,7
62477,4
62478,4
62479,4
62480,7
62481,4
62482,4
62483,3
62484,4
62485,5
62486,0
62487,4
62488,3
62489,0
62490,7
62491,7
62492,9
62493,3
62494,2
62495,4
62496,0
62497,7
62498,7
62499,3
62500,5
62501,5
62502,3
62503,7
62504,1
62505,4
62506,8
62507,9
62508,4
62509,4
62510,7
62511,5
62512,5
62513,5
62514,0
62515,5
62516,4
62517,4
62518,9
62519,8
62520,9
62521,4
62522,7
62523,4
62524,4
62525,4
62526,1
62527,1
62528,0
62529,4
62530,2
62531,5
62532,4
62533,2
62534,3
62535,3
62536,1
62537,1
62538,5
62539,1
62540,4
62541,8
62542,9
62543,7
62544,0
62545,1
62546,0
62547,9
62548,4
62549,0
62550,9
62551,1
62552,9
62553,9
62554,4
62555,1
62556,5
62557,9
62558,5
62559,0
62560,8
62561,9
62562,2
62563,4
62564,7
62565,9
62566,1
62567,2
62568,4
62569,8
62570,4
62571,7
62572,7
62573,2
62574,9
62575,8
62576,1
62577,0
62578,5
62579,4
62580,7
62581,0
62582,7
62583,5
62584,6
62585,2
62586,3
62587,5
62588,6
62589,9
62590,7
62591,4
62592,3
62593,9
62594,3
62595,4
62596,0
62597,5
62598,4
62599,1
62600,1
62601,4
62602,2
62603,5
62604,4
62605,4
62606,9
62607,1
62608,8
62609,9
62610,9
62611,4
62612,4
62613,4
62614,6
62615,1
62616,4
62617,0
62618,0
62619,4
62620,0
62621,8
62622,4
62623,8
62624,9
62625,4
62626,4
62627,2
62628,8
62629,4
62630,4
62631,9
62632,0
62633,9
62634,9
62635,1
62636,4
62637,9
62638,3
62639,4
62640,5
62641,4
62642,7
62643,1
62644,2
62645,1
62646,5
62647,0
62648,8
62649,0
62650,9
62651,9
62652,4
62653,1
62654,0
62655,9
62656,4
62657,4
62658,4
62659,9
62660,4
62661,2
62662,5
62663,4
62664,0
62665,4
62666,0
62667,0
62668,2
62669,4
62670,5
62671,4
62672,9
62673,0
62674,9
62675,9
62676,8
62677,3
62678,5
62679,7
62680,0
62681,3
62682,1
62683,2
62684,8
62685,4
62686,7
62687,1
62688,0
62689,4
62690,5
62691,9
62692,6
62693,2
62694,7
62695,6
62696,9
62697,0
62698,7
62699,5
62700,5
62701,1
62702,4
62703,6
62704,1
62705,0
62706,1
62707,5
62708,8
62709,4
62710,5
62711,8
62712,7
62713,9
62714,9
62715,0
62716,0
62717,4
62718,4
62719,0
62720,0
62721,4
62722,4
62723,4
62724,0
62725,3
62726,8
62727,9
62728,0
62729,9
62730,1
62731,4
62732,5
62733,3
62734,0
62735,0
62736,1
62737,4
62738,8
62739,9
62740,1
62741,1
62742,4
62743,1
62744,6
62745,9
62746,0
62747,3
62748,4
62749,1
62750,4
62751,0
62752,7
62753,4
62754,4
62755,4
62756,2
62757,2
62758,9
62759,9
62760,8
62761,1
62762,9
62763,9
62764,4
62765,9
62766,8
62767,2
62768,4
62769,0
62770,4
62771,4
62772,1
62773,7
62774,9
62775,4
62776,0
62777,3
62778,4
62779,7
62780,4
62781,3
62782,7
62783,4
62784,0
62785,5
62786,9
62787,4
62788,5
62789,8
62790,9
62791,7
62792,9
62793,1
62794,7
62795,4
62796,7
62797,4
62798,5
62799,8
62800,8
62801,5
62802,9
62803,9
62804,4
62805,7
62806,4
62807,9
62808,4
62809,4
62810,8
62811,9
62812,4
62813,4
62814,9
62815,4
62816,9
62817,0
62818,3
62819,1
62820,5
62821,0
62822,4
62823,7
62824,0
62825,4
62826,4
62827,4
62828,4
62829,1
62830,7
62831,7
62832,4
62833,4
62834,5
62835,4
62836,9
62837,1
62838,4
62839,1
62840,4
62841,0
62842,4
62843,4
62844,0
62845,9
62846,5
62847,9
62848,0
62849,0
62850,8
62851,0
62852,4
62853,4
62854,0
62855,4
62856,4
62857,4
62858,0
62859,9
62860,4
62861,4
62862,0
62863,0
62864,4
62865,9
62866,0
62867,0
62868,8
62869,3
62870,1
62871,1
62872,7
62873,7
62874,0
62875,0
62876,5
62877,0
62878,2
62879,5
62880,7
62881,5
62882,9
62883,2
62884,2
62885,9
62886,9
62887,7
62888,2
62889,0
62890,8
62891,7
62892,4
62893,5
62894,8
62895,4
62896,9
62897,7
62898,1
62899,0
62900,4
62901,4
62902,0
62903,0
62904,8
62905,0
62906,8
62907,0
62908,4
62909,0
62910,4
62911,5
62912,4
62913,3
62914,1
62915,2
62916,7
62917,1
62918,4
62919,4
62920,1
62921,4
62922,0
62923,0
62924,5
62925,9
62926,7
62927,8
62928,3
62929,0
62930,1
62931,5
62932,7
62933,5
62934,9
62935,0
62936,8
62937,9
62938,2
62939,7
62940,3
62941,9
62942,4
62943,7
62944,7
62945,8
62946,0
62947,9
62948,4
62949,0
62950,1
62951,2
62952,3
62953,4
62954,1
62955,4
62956,4
62957,4
62958,9
62959,3
62960,9
62961,7
62962,0
62963,1
62964,1
62965,2
62966,5
62967,2
62968,2
62969,4
62970,3
62971,2
62972,4
62973,4
62974,0
62975,4
62976,4
62977,9
62978,4
62979,2
62980,0
62981,8
62982,0
62983,4
62984,4
62985,3
62986,9
62987,6
62988,9
62989,3
62990,5
62991,4
62992,0
62993,9
62994,8
62995,4
62996,5
62997,6
62998,3
62999,0
63000,2
63001,3
63002,5
63003,7
63004,6
63005,7
63006,4
63007,9
63008,0
63009,2
63010,3
63011,1
63012,3
63013,8
63014,4
63015,8
63016,2
63017,1
63018,0
63019,1
63020,8
63021,1
63022,3
63023,9
63024,4
63025,0
63026,5
63027,4
63028,0
63029,0
63030,7
63031,4
63032,2
63033,7
63034,4
63035,4
63036,8
63037,0
63038,0
63039,1
63040,9
63041,0
63042,6
63043,9
63044,9
63045,0
63046,4
63047,5
63048,4
63049,9
63050,4
63051,8
63052,9
63053,2
63054,4
63055,7
63056,8
63057,3
63058,5
63059,4
63060,5
63061,7
63062,0
63063,7
63064,2
63065,2
63066,8
63067,2
63068,9
63069,4
63070,8
63071,4
63072,3
63073,4
63074,1
63075,5
63076,0
63077,2
63078,8
63079,3
63080,9
63081,2
63082,4
63083,9
63084,4
63085,2
63086,4
63087,1
63088,4
63089,1
63090,4
63091,5
63092,9
63093,1
63094,0
63095,0
63096,4
63097,3
63098,3
63099,4
63100,3
63101,1
63102,9
63103,4
63104,9
63105,0
63106,4
63107,4
63108,4
63109,7
63110,4
63111,7
63112,8
63113,2
63114,4
63115,0
63116,4
63117,3
63118,0
63119,4
63120,5
63121,9
63122,9
63123,4
63124,0
63125,9
63126,0
63127,9
63128,9
63129,0
63130,4
63131,4
63132,5
63133,4
63134,4
63135,9
63136,4
63137,8
63138,7
63139,5
63140,0
63141,7
63142,7
63143,3
63144,1
63145,4
63146,1
63147,5
63148,9
63149,7
63150,4
63151,8
63152,8
63153,4
63154,3
63155,9
63156,5
63157,7
63158,0
63159,4
63160,4
63161,4
63162,4
63163,8
63164,2
63165,0
63166,8
63167,0
63168,9
63169,0
63170,7
63171,1
63172,5
63173,8
63174,6
63175,9
63176,5
63177,4
63178,7
63179,0
63180,4
63181,9
63182,4
63183,9
63184,9
63185,0
63186,0
63187,5
63188,6
63189,0
63190,4
63191,4
63192,2
63193,6
63194,5
63195,8
63196,7
63197,9
63198,8
63199,4
63200,1
63201,8
63202,9
63203,0
63204,9
63205,0
63206,0
63207,4
63208,0
63209,0
63210,8
63211,7
63212,7
63213,3
63214,4
63215,9
63216,4
63217,4
63218,0
63219,1
63220,9
63221,4
63222,5
63223,4
63224,5
63225,5
63226,9
63227,4
63228,7
63229,1
63230,1
63231,7
63232,9
63233,4
63234,9
63235,0
63236,7
63237,3
63238,0
63239,2
63240,2
63241,8
63242,9
63243,3
63244,3
63245,0
63246,4
63247,4
63248,0
63249,4
63250,2
63251,7
63252,9
63253,1
63254,4
63255,4
63256,0
63257,4
63258,4
63259,3
63260,0
63261,4
63262,9
63263,0
63264,8
63265,0
63266,4
63267,8
63268,4
63269,9
63270,7
63271,3
63272,2
63273,4
63274,8
63275,9
63276,2
63277,4
63278,0
63279,1
63280,6
63281,7
63282,4
63283,7
63284,4
63285,4
63286,9
63287,7
63288,9
63289,4
63290,0
63291,5
63292,4
63293,7
63294,4
63295,4
63296,9
63297,0
63298,6
63299,0
63300,1
63301,5
63302,4
63303,9
63304,4
63305,4
63306,1
63307,1
63308,4
63309,2
63310,0
63311,1
63312,4
63313,0
63314,1
63315,8
63316,9
63317,9
63318,9
63319,8
63320,0
63321,5
63322,0
63323,0
63324,5
63325,4
63326,9
63327,0
63328,9
63329,4
63330,3
63331,4
63332,4
63333,9
63334,0
63335,3
63336,0
63337,2
63338,9
63339,4
63340,2
63341,4
63342,0
63343,9
63344,9
63345,4
63346,4
63347,8
63348,5
63349,4
63350,5
63351,5
63352,5
63353,1
63354,3
63355,1
63356,4
63357,0
63358,3
63359,4
63360,4
63361,9
63362,0
63363,9
63364,4
63365,2
63366,3
63367,0
63368,4
63369,1
63370,7
63371,7
63372,0
63373,4
63374,0
63375,4
63376,4
63377,3
63378,7
63379,2
63380,5
63381,6
63382,5
63383,8
63384,7
63385,9
63386,4
63387,4
63388,9
63389,4
63390,9
63391,4
63392,0
63393,8
63394,7
63395,5
63396,6
63397,7
63398,4
63399,2
63400,2
63401,5
63402,9
63403,4
63404,5
63405,0
63406,4
63407,8
63408,9
63409,4
63410,7
63411,8
63412,4
63413,2
63414,1
63415,5
63416,2
63417,7
63418,5
63419,4
63420,2
63421,9
63422,4
63423,2
63424,3
63425,4
63426,8
63427,4
63428,5
63429,7
63430,4
63431,6
63432,4
63433,5
63434,9
63435,9
63436,6
63437,8
63438,5
63439,0
63440,1
63441,8
63442,9
63443,1
63444,8
63445,4
63446,0
63447,5
63448,8
63449,3
63450,0
63451,0
63452,5
63453,5
63454,9
63455,1
63456,1
63457,7
63458,7
63459,9
63460,9
63461,1
63462,2
63463,9
63464,2
63465,0
63466,4
63467,7
63468,4
63469,9
63470,1
63471,4
63472,4
63473,3
63474,9
63475,9
63476,0
63477,1
63478,7
63479,4
63480,3
63481,7
63482,5
63483,9
63484,2
63485,7
63486,8
63487,4
63488,3
63489,4
63490,7
63491,9
63492,6
63493,2
63494,4
63495,9
63496,4
63497,5
63498,0
63499,9
63500,5
63501,0
63502,9
63503,4
63504,4
63505,9
63506,3
63507,7
63508,4
63509,0
63510,2
63511,1
63512,5
63513,9
63514,1
63515,2
63516,1
63517,4
63518,0
63519,5
63520,2
63521,9
63522,4
63523,3
63524,1
63525,9
63526,1
63527,8
63528,8
63529,8
63530,9
63531,8
63532,5
63533,4
63534,1
63535,0
63536,3
63537,8
63538,5
63539,3
63540,1
63541,3
63542,6
63543,1
63544,1
63545,1
63546,4
63547,4
63548,4
63549,0
63550,9
63551,3
63552,7
63553,2
63554,4
63555,2
63556,7
63557,5
63558,1
63559,3
63560,9
63561,7
63562,1
63563,1
63564,5
63565,6
63566,9
63567,3
63568,4
63569,1
63570,5
63571,9
63572,5
63573,0
63574,4
63575,4
63576,4
63577,4
63578,9
63579,4
63580,7
63581,9
63582,5
63583,1
63584,1
63585,4
63586,1
63587,4
63588,0
63589,4
63590,6
63591,1
63592,6
63593,4
63594,0
63595,4
63596,4
63597,9
63598,0
63599,0
63600,3
63601,7
63602,4
63603,8
63604,2
63605,3
63606,9
63607,4
63608,0
63609,0
63610,6
63611,1
63612,6
63613,9
63614,7
63615,4
63616,1
63617,4
63618,4
63619,9
63620,1
63621,7
63622,0
63623,9
63624,4
63625,0
63626,0
63627,9
63628,9
63629,4
63630,8
63631,0
63632,1
63633,1
63634,2
63635,4
63636,4
63637,4
63638,9
63639,4
63640,4
63641,8
63642,4
63643,5
63644,3
63645,5
63646,4
63647,2
63648,1
63649,4
63650,0
63651,4
63652,7
63653,6
63654,1
63655,0
63656,0
63657,7
63658,4
63659,4
63660,7
63661,5
63662,1
63663,4
63664,2
63665,9
63666,9
63667,5
63668,9
63669,2
63670,6
63671,9
63672,2
63673,5
63674,2
63675,8
63676,4
63677,9
63678,9
63679,0
63680,4
63681,4
63682,8
63683,4
63684,3
63685,7
63686,5
63687,9
63688,4
63689,3
63690,4
63691,5
63692,0
63693,4
63694,3
63695,4
63696,4
63697,8
63698,7
63699,9
63700,9
63701,1
63702,4
63703,0
63704,7
63705,6
63706,7
63707,7
63708,0
63709,0
63710,5
63711,4
63712,9
63713,4
63714,0
63715,4
63716,8
63717,3
63718,5
63719,0
63720,2
63721,0
63722,2
63723,2
63724,5
63725,8
63726,7
63727,4
63728,9
63729,0
63730,1
63731,7
63732,2
63733,8
63734,9
63735,4
63736,7
63737,9
63738,4
63739,4
63740,1
63741,7
63742,5
63743,8
63744,2
63745,4
63746,0
63747,3
63748,9
63749,5
63750,0
63751,0
63752,2
63753,4
63754,0
63755,0
63756,3
63757,4
63758,9
63759,4
63760,5
63761,4
63762,0
63763,9
63764,9
63765,0
63766,0
63767,3
63768,0
63769,4
63770,4
63771,2
63772,1
63773,4
63774,3
63775,4
63776,5
63777,8
63778,9
63779,7
63780,1
63781,2
63782,4
63783,0
63784,3
63785,5
63786,0
63787,4
63788,4
63789,2
63790,8
63791,9
63792,8
63793,8
63794,1
63795,9
63796,8
63797,0
63798,5
63799,7
63800,1
63801,5
63802,5
63803,4
63804,4
63805,0
63806,9
63807,5
63808,4
63809,9
63810,9
63811,1
63812,3
63813,9
63814,1
63815,5
63816,9
63817,9
63818,0
63819,4
63820,7
63821,1
63822,9
63823,4
63824,9
63825,4
63826,8
63827,4
63828,5
63829,9
63830,8
63831,4
63832,4
63833,1
63834,4
63835,8
63836,1
63837,7
63838,0
63839,4
63840,1
63841,0
63842,1
63843,4
63844,2
63845,4
63846,7
63847,0
63848,4
63849,9
63850,1
63851,9
63852,1
63853,2
63854,4
63855,1
63856,7
63857,8
63858,8
63859,7
63860,8
63861,3
63862,2
63863,4
63864,1
63865,1
63866,7
63867,4
63868,5
63869,7
63870,4
63871,5
63872,0
63873,3
63874,1
63875,3
63876,5
63877,1
63878,3
63879,3
63880,9
63881,4
63882,5
63883,8
63884,4
63885,0
63886,0
63887,9
63888,5
63889,8
63890,9
63891,9
63892,1
63893,4
63894,4
63895,4
63896,4
63897,8
63898,1
63899,4
63900,4
63901,9
63902,0
63903,4
63904,9
63905,9
63906,4
63907,4
63908,0
63909,9
63910,4
63911,5
63912,5
63913,4
63914,1
63915,2
63916,9
63917,2
63918,1
63919,4
63920,8
63921,7
63922,6
63923,3
63924,9
63925,9
63926,8
63927,0
63928,0
63929,9
63930,5
63931,5
63932,3
63933,9
63934,9
63935,1
63936,8
63937,7
63938,8
63939,4
63940,7
63941,1
63942,9
63943,4
63944,0
63945,3
63946,4
63947,4
63948,4
63949,4
63950,3
63951,4
63952,0
63953,0
63954,9
63955,5
63956,5
63957,4
63958,4
63959,0
63960,7
63961,2
63962,9
63963,4
63964,0
63965,1
63966,5
63967,9
63968,0
63969,5
63970,0
63971,1
63972,4
63973,4
63974,3
63975,2
63976,9
63977,1
63978,5
63979,2
63980,2
63981,4
63982,6
63983,4
63984,9
63985,4
63986,1
63987,2
63988,2
63989,0
63990,4
63991,0
63992,7
63993,1
63994,4
63995,4
63996,9
63997,3
63998,9
63999,5
64000,7
64001,0
64002,0
64003,0
64004,9
64005,2
64006,1
64007,9
64008,9
64009,0
64010,4
64011,4
64012,0
64013,0
64014,6
64015,0
64016,1
64017,2
64018,2
64019,7
64020,1
64021,5
64022,9
64023,8
64024,9
64025,7
64026,4
64027,2
64028,5
64029,4
64030,3
64031,1
64032,7
64033,9
64034,9
64035,4
64036,8
64037,4
64038,4
64039,7
64040,5
64041,8
64042,1
64043,1
64044,4
64045,7
64046,5
64047,0
64048,3
64049,0
64050,4
64051,9
64052,3
64053,4
64054,8
64055,1
64056,7
64057,1
64058,1
64059,4
64060,0
64061,3
64062,9
64063,4
64064,7
64065,4
64066,5
64067,8
64068,5
64069,7
64070,4
64071,4
64072,4
64073,1
64074,3
64075,8
64076,3
64077,2
64078,9
64079,5
64080,3
64081,2
64082,4
64083,6
64084,8
64085,7
64086,2
64087,0
64088,9
64089,3
64090,4
64091,8
64092,9
64093,7
64094,4
64095,4
64096,4
64097,3
64098,4
64099,4
64100,4
64101,0
64102,4
64103,9
64104,3
64105,7
64106,9
64107,5
64108,4
64109,4
64110,7
64111,8
64112,9
64113,0
64114,2
64115,0
64116,9
64117,0
64118,1
64119,7
64120,2
64121,7
64122,7
64123,4
64124,6
64125,1
64126,1
64127,1
64128,9
64129,1
64130,1
64131,4
64132,4
64133,4
64134,9
64135,4
64136,5
64137,4
64138,4
64139,2
64140,1
64141,5
64142,6
64143,0
64144,3
64145,0
64146,9
64147,5
64148,1
64149,4
64150,1
64151,5
64152,4
64153,4
64154,1
64155,0
64156,7
64157,8
64158,7
64159,4
64160,1
64161,4
64162,4
64163,4
64164,4
64165,4
64166,7
64167,1
64168,4
64169,1
64170,0
64171,5
64172,7
64173,4
64174,7
64175,1
64176,7
64177,5
64178,1
64179,9
64180,4
64181,0
64182,9
64183,4
64184,9
64185,1
64186,5
64187,2
64188,7
64189,8
64190,3
64191,2
64192,0
64193,8
64194,1
64195,3
64196,1
64197,4
64198,0
64199,2
64200,9
64201,4
64202,5
64203,8
64204,7
64205,4
64206,6
64207,0
64208,9
64209,0
64210,1
64211,2
64212,4
64213,6
64214,7
64215,2
64216,4
64217,9
64218,5
64219,1
64220,8
64221,8
64222,1
64223,4
64224,6
64225,4
64226,8
64227,3
64228,4
64229,9
64230,1
64231,1
64232,8
64233,4
64234,8
64235,3
64236,4
64237,4
64238,5
64239,6
64240,3
64241,5
64242,5
64243,1
64244,4
64245,7
64246,3
64247,9
64248,5
64249,0
64250,4
64251,9
64252,0
64253,5
64254,8
64255,2
64256,5
64257,9
64258,0
64259,0
64260,9
64261,4
64262,8
64263,4
64264,5
64265,7
64266,0
64267,9
64268,4
64269,1
64270,4
64271,0
64272,4
64273,9
64274,1
64275,3
64276,4
64277,4
64278,6
64279,9
64280,1
64281,4
64282,9
64283,4
64284,6
64285,4
64286,4
64287,2
64288,8
64289,3
64290,5
64291,0
64292,8
64293,8
64294,4
64295,4
64296,9
64297,9
64298,3
64299,2
64300,0
64301,4
64302,1
64303,0
64304,7
64305,0
64306,4
64307,9
64308,9
64309,8
64310,9
64311,1
64312,8
64313,4
64314,4
64315,4
64316,8
64317,4
64318,4
64319,8
64320,9
64321,4
64322,5
64323,9
64324,4
64325,4
64326,9
64327,4
64328,0
64329,1
64330,3
64331,9
64332,6
64333,4
64334,3
64335,3
64336,2
64337,8
64338,4
64339,4
64340,7
64341,9
64342,8
64343,0
64344,9
64345,3
64346,4
64347,5
64348,7
64349,3
64350,9
64351,1
64352,5
64353,4
64354,0
64355,9
64356,4
64357,9
64358,3
64359,1
64360,4
64361,5
64362,5
64363,9
64364,1
64365,3
64366,9
64367,5
64368,4
64369,0
64370,4
64371,7
64372,3
64373,2
64374,4
64375,6
64376,7
64377,4
64378,0
64379,9
64380,1
64381,1
64382,0
64383,0
64384,4
64385,9
64386,0
64387,4
64388,8
64389,4
64390,7
64391,3
64392,4
64393,9
64394,1
64395,5
64396,1
64397,4
64398,8
64399,1
64400,1
64401,4
64402,7
64403,0
64404,4
64405,7
64406,9
64407,8
64408,7
64409,8
64410,9
64411,3
64412,9
64413,9
64414,7
64415,7
64416,0
64417,9
64418,7
64419,2
64420,4
64421,2
64422,2
64423,0
64424,3
64425,7
64426,2
64427,8
64428,0
64429,1
64430,4
64431,4
64432,1
64433,7
64434,5
64435,8
64436,4
64437,9
64438,4
64439,7
64440,7
64441,9
64442,9
64443,0
64444,1
64445,4
64446,8
64447,8
64448,0
64449,2
64450,9
64451,9
64452,2
64453,4
64454,7
64455,9
64456,4
64457,5
64458,2
64459,0
64460,4
64461,1
64462,2
64463,9
64464,9
64465,9
64466,7
64467,3
64468,3
64469,3
64470,8
64471,0
64472,3
64473,4
64474,2
64475,4
64476,4
64477,7
64478,4
64479,9
64480,9
64481,8
64482,0
64483,3
64484,0
64485,8
64486,7
64487,7
64488,7
64489,4
64490,3
64491,7
64492,9
64493,8
64494,0
64495,0
64496,1
64497,5
64498,9
64499,3
64500,3
64501,9
64502,4
64503,8
64504,4
64505,0
64506,9
64507,8
64508,5
64509,4
64510,3
64511,9
64512,9
64513,4
64514,4
64515,7
64516,4
64517,2
64518,9
64519,0
64520,3
64521,0
64522,8
64523,4
64524,0
64525,4
64526,0
64527,7
64528,1
64529,3
64530,9
64531,8
64532,0
64533,9
64534,7
64535,3
64536,7
64537,1
64538,3
64539,8
64540,0
64541,0
64542,0
64543,3
64544,6
64545,0
64546,8
64547,3
64548,4
64549,4
64550,4
64551,0
64552,0
64553,1
64554,8
64555,3
64556,8
64557,1
64558,5
64559,8
64560,8
64561,3
64562,4
64563,8
64564,9
64565,3
64566,1
64567,4
64568,1
64569,1
64570,0
64571,8
64572,7
64573,8
64574,3
64575,4
64576,5
64577,4
64578,4
64579,3
64580,7
64581,4
64582,8
64583,2
64584,7
64585,4
64586,3
64587,9
64588,0
64589,9
64590,4
64591,4
64592,4
64593,1
64594,8
64595,0
64596,7
64597,4
64598,0
64599,4
64600,0
64601,9
64602,4
64603,4
64604,5
64605,8
64606,3
64607,0
64608,3
64609,8
64610,8
64611,0
64612,4
64613,9
64614,8
64615,8
64616,1
64617,8
64618,5
64619,9
64620,5
64621,4
64622,1
64623,0
64624,8
64625,5
64626,4
64627,0
64628,4
64629,0
64630,0
64631,4
64632,0
64633,1
64634,6
64635,5
64636,8
64637,3
64638,8
64639,0
64640,7
64641,3
64642,1
64643,4
64644,4
64645,4
64646,8
64647,1
64648,4
64649,5
64650,0
64651,2
64652,0
64653,2
64654,5
64655,4
64656,4
64657,3
64658,2
64659,1
64660,7
64661,9
64662,7
64663,7
64664,9
64665,4
64666,5
64667,4
64668,4
64669,9
64670,5
64671,0
64672,4
64673,0
64674,7
64675,2
64676,1
64677,4
64678,4
64679,9
64680,4
64681,4
64682,9
64683,8
64684,1
64685,4
64686,5
64687,0
64688,7
64689,8
64690,4
64691,8
64692,4
64693,0
64694,4
64695,9
64696,3
64697,0
64698,9
64699,9
64700,4
64701,9
64702,0
64703,4
64704,9
64705,4
64706,0
64707,0
64708,4
64709,8
64710,4
64711,9
64712,4
64713,4
64714,8
64715,4
64716,2
64717,4
64718,4
64719,9
64720,0
64721,0
64722,3
64723,1
64724,7
64725,4
64726,5
64727,2
64728,8
64729,4
64730,0
64731,4
64732,4
64733,0
64734,4
64735,9
64736,5
64737,7
64738,7
64739,5
64740,1
64741,3
64742,9
64743,7
64744,1
64745,1
64746,8
64747,7
64748,4
64749,4
64750,1
64751,7
64752,3
64753,7
64754,4
64755,4
64756,7
64757,4
64758,2
64759,4
64760,4
64761,9
64762,9
64763,4
64764,8
64765,8
64766,4
64767,0
64768,7
64769,0
64770,9
64771,3
64772,1
64773,3
64774,5
64775,5
64776,0
64777,6
64778,1
64779,8
64780,5
64781,7
64782,1
64783,4
64784,4
64785,4
64786,6
64787,4
64788,1
64789,5
64790,7
64791,4
64792,9
64793,3
64794,4
64795,9
64796,4
64797,4
64798,0
64799,1
64800,4
64801,7
64802,3
64803,2
64804,7
64805,1
64806,9
64807,4
64808,8
64809,4
64810,4
64811,4
64812,7
64813,3
64814,8
64815,2
64816,0
64817,6
64818,9
64819,4
64820,0
64821,4
64822,7
64823,3
64824,0
64825,1
64826,4
64827,9
64828,4
64829,7
64830,4
64831,8
64832,7
64833,9
64834,4
64835,4
64836,8
64837,4
64838,2
64839,1
64840,1
64841,7
64842,1
64843,2
64844,0
64845,4
64846,1
64847,8
64848,4
64849,4
64850,0
64851,4
64852,4
64853,4
64854,0
64855,2
64856,9
64857,0
64858,5
64859,0
64860,3
64861,9
64862,4
64863,8
64864,1
64865,4
64866,7
64867,5
64868,4
64869,6
64870,8
64871,1
64872,4
64873,0
64874,1
64875,9
64876,8
64877,9
64878,4
64879,0
64880,9
64881,1
64882,5
64883,8
64884,3
64885,4
64886,1
64887,1
64888,4
64889,7
64890,4
64891,4
64892,9
64893,2
64894,4
64895,8
64896,5
64897,5
64898,4
64899,4
64900,7
64901,8
64902,4
64903,3
64904,4
64905,6
64906,3
64907,7
64908,5
64909,9
64910,8
64911,2
64912,5
64913,5
64914,5
64915,4
64916,1
64917,0
64918,4
64919,4
64920,0
64921,8
64922,9
64923,0
64924,4
64925,9
64926,7
64927,2
64928,6
64929,4
64930,9
64931,3
64932,4
64933,5
64934,0
64935,2
64936,4
64937,8
64938,1
64939,4
64940,1
64941,4
64942,1
64943,4
64944,4
64945,9
64946,5
64947,5
64948,9
64949,4
64950,0
64951,7
64952,7
64953,9
64954,4
64955,1
64956,1
64957,7
64958,0
64959,5
64960,1
64961,8
64962,4
64963,7
64964,0
64965,1
64966,0
64967,0
64968,5
64969,9
64970,9
64971,3
64972,9
64973,5
64974,3
64975,8
64976,0
64977,4
64978,4
64979,7
64980,4
64981,9
64982,4
64983,4
64984,0
64985,1
64986,3
64987,7
64988,4
64989,0
64990,8
64991,2
64992,9
64993,0
64994,8
64995,4
64996,0
64997,3
64998,8
64999,4
65000,4
65001,7
65002,2
65003,4
65004,4
65005,5
65006,3
65007,2
65008,4
65009,4
65010,6
65011,7
65012,8
65013,5
65014,9
65015,4
65016,1
65017,3
65018,1
65019,4
65020,9
65021,3
65022,4
65023,4
65024,4
65025,9
65026,7
65027,7
65028,9
65029,4
65030,4
65031,4
65032,0
65033,9
65034,8
65035,2
65036,4
65037,1
65038,9
65039,4
65040,0
65041,1
65042,0
65043,9
65044,9
65045,9
65046,1
65047,0
65048,4
65049,0
65050,4
65051,4
65052,7
65053,4
65054,2
65055,9
65056,3
65057,7
65058,4
65059,0
65060,4
65061,3
65062,0
65063,3
65064,7
65065,1
65066,7
65067,4
65068,9
65069,4
65070,4
65071,0
65072,9
65073,0
65074,5
65075,9
65076,0
65077,3
65078,4
65079,9
65080,3
65081,8
65082,8
65083,4
65084,9
65085,4
65086,4
65087,7
65088,3
65089,4
65090,0
65091,3
65092,9
65093,2
65094,1
65095,4
65096,4
65097,7
65098,0
65099,4
65100,9
65101,7
65102,4
65103,4
65104,0
65105,7
65106,5
65107,8
65108,8
65109,4
65110,0
65111,4
65112,0
65113,5
65114,4
65115,4
65116,4
65117,8
65118,3
65119,5
65120,1
65121,2
65122,4
65123,7
65124,4
65125,9
65126,1
65127,1
65128,0
65129,1
65130,2
65131,5
65132,3
65133,7
65134,7
65135,0
65136,4
65137,0
65138,7
65139,2
65140,4
65141,9
65142,0
65143,0
65144,1
65145,1
65146,5
65147,1
65148,4
65149,9
65150,7
65151,7
65152,0
65153,1
65154,1
65155,7
65156,9
65157,1
65158,1
65159,8
65160,2
65161,8
65162,3
65163,4
65164,7
65165,3
65166,1
65167,4
65168,3
65169,4
65170,9
65171,3
65172,4
65173,0
65174,4
65175,1
65176,4
65177,7
65178,2
65179,3
65180,4
65181,5
65182,8
65183,0
65184,9
65185,4
65186,7
65187,9
65188,3
65189,4
65190,4
65191,4
65192,0
65193,4
65194,5
65195,3
65196,0
65197,4
65198,5
65199,9
65200,7
65201,9
65202,0
65203,4
65204,8
65205,7
65206,9
65207,0
65208,0
65209,7
65210,9
65211,1
65212,0
65213,7
65214,4
65215,0
65216,4
65217,0
65218,3
65219,1
65220,4
65221,4
65222,9
65223,4
65224,1
65225,4
65226,4
65227,4
65228,6
65229,4
65230,4
65231,7
65232,9
65233,2
65234,5
65235,4
65236,0
65237,9
65238,5
65239,9
65240,3
65241,7
65242,1
65243,0
65244,1
65245,3
65246,4
65247,1
65248,4
65249,4
65250,4
65251,7
65252,1
65253,8
65254,9
65255,1
65256,1
65257,5
65258,9
65259,3
65260,4
65261,2
65262,0
65263,0
65264,2
65265,4
65266,7
65267,4
65268,4
65269,7
65270,4
65271,4
65272,5
65273,4
65274,4
65275,4
65276,1
65277,1
65278,3
65279,6
65280,9
65281,1
65282,4
65283,4
65284,0
65285,0
65286,9
65287,5
65288,1
65289,2
65290,4
65291,0
65292,8
65293,4
65294,4
65295,9
65296,4
65297,4
65298,0
65299,8
65300,3
65301,4
65302,8
65303,3
65304,0
65305,0
65306,9
65307,5
65308,5
65309,4
65310,8
65311,4
65312,0
65313,5
65314,9
65315,3
65316,9
65317,0
65318,5
65319,3
65320,3
65321,7
65322,4
65323,9
65324,9
65325,0
65326,0
65327,2
65328,4
65329,1
65330,8
65331,3
65332,8
65333,4
65334,1
65335,9
65336,4
65337,8
65338,1
65339,0
65340,4
65341,7
65342,5
65343,4
65344,0
65345,2
65346,3
65347,6
65348,7
65349,5
65350,4
65351,7
65352,5
65353,9
65354,7
65355,8
65356,9
65357,0
65358,4
65359,4
65360,2
65361,7
65362,1
65363,4
65364,0
65365,4
65366,3
65367,4
65368,3
65369,9
65370,6
65371,1
65372,0
65373,9
65374,2
65375,7
65376,8
65377,0
65378,0
65379,0
65380,0
65381,8
65382,0
65383,3
65384,4
65385,2
65386,7
65387,3
65388,0
65389,2
65390,4
65391,4
65392,1
65393,9
65394,5
65395,4
65396,0
65397,7
65398,4
65399,4
65400,1
65401,8
65402,4
65403,4
65404,8
65405,3
65406,2
65407,6
65408,3
65409,4
65410,3
65411,4
65412,9
65413,8
65414,4
65415,9
65416,9
65417,0
65418,0
65419,1
65420,0
65421,4
65422,1
65423,4
65424,0
65425,8
65426,9
65427,8
65428,9
65429,7
65430,9
65431,4
65432,4
65433,2
65434,4
65435,4
65436,0
65437,1
65438,0
65439,5
65440,5
65441,0
65442,3
65443,0
65444,5
65445,4
65446,2
65447,5
65448,9
65449,4
65450,7
65451,3
65452,2
65453,0
65454,4
65455,9
65456,4
65457,0
65458,9
65459,4
65460,6
65461,4
65462,9
65463,2
65464,0
65465,9
65466,1
65467,0
65468,9
65469,3
65470,7
65471,7
65472,3
65473,4
65474,0
65475,3
65476,4
65477,0
65478,0
65479,4
65480,5
65481,5
65482,2
65483,0
65484,2
65485,5
65486,0
65487,4
65488,4
65489,8
65490,9
65491,4
65492,9
65493,4
65494,9
65495,3
65496,9
65497,4
65498,9
65499,4
65500,1
65501,4
65502,4
65503,5
65504,9
65505,0
65506,4
65507,4
65508,0
65509,3
65510,9
65511,7
65512,3
65513,1
65514,9
65515,0
65516,0
65517,0
65518,8
65519,7
65520,0
65521,9
65522,3
65523,1
65524,4
65525,0
65526,2
65527,9
65528,7
65529,1
65530,0
65531,4
65532,1
65533,5
65534,2
65535,3
65536,1
65537,0
65538,9
65539,1
65540,7
65541,0
65542,8
65543,4
65544,4
65545,4
65546,2
65547,0
65548,0
65549,5
65550,0
65551,3
65552,0
65553,0
65554,4
65555,9
65556,8
65557,4
65558,4
65559,0
65560,4
65561,9
65562,7
65563,5
65564,5
65565,0
65566,2
65567,0
65568,9
65569,4
65570,7
65571,4
65572,4
65573,4
65574,5
65575,0
65576,0
65577,4
65578,0
65579,4
65580,4
65581,0
65582,8
65583,0
65584,7
65585,1
65586,8
65587,4
65588,4
65589,1
65590,4
65591,8
65592,8
65593,4
65594,0
65595,4
65596,4
65597,7
65598,5
65599,1
65600,3
65601,3
65602,1
65603,4
65604,3
65605,4
65606,8
65607,4
65608,5
65609,0
65610,4
65611,3
65612,9
65613,0
65614,0
65615,8
65616,4
65617,8
65618,4
65619,4
65620,1
65621,1
65622,1
65623,5
65624,4
65625,7
65626,8
65627,4
65628,9
65629,4
65630,8
65631,9
65632,0
65633,3
65634,3
65635,0
65636,5
65637,4
65638,4
65639,7
65640,6
65641,0
65642,3
65643,0
65644,8
65645,4
65646,4
65647,7
65648,7
65649,7
65650,1
65651,0
65652,4
65653,7
65654,7
65655,9
65656,8
65657,9
65658,4
65659,5
65660,4
65661,5
65662,7
65663,8
65664,4
65665,2
65666,4
65667,9
65668,7
65669,2
65670,4
65671,7
65672,1
65673,3
65674,4
65675,7
65676,1
65677,5
65678,4
65679,2
65680,7
65681,6
65682,4
65683,1
65684,0
65685,9
65686,9
65687,4
65688,4
65689,5
65690,9
65691,9
65692,9
65693,7
65694,7
65695,0
65696,9
65697,7
65698,3
65699,4
65700,7
65701,2
65702,3
65703,8
65704,8
65705,9
65706,2
65707,4
65708,3
65709,7
65710,0
65711,4
65712,4
65713,4
65714,2
65715,0
65716,0
65717,4
65718,1
65719,1
65720,4
65721,4
65722,4
65723,4
65724,9
65725,4
65726,7
65727,2
65728,9
65729,1
65730,4
65731,4
65732,9
65733,8
65734,9
65735,4
65736,0
65737,7
65738,6
65739,5
65740,1
65741,9
65742,4
65743,4
65744,0
65745,3
65746,2
65747,0
65748,1
65749,9
65750,4
65751,3
65752,0
65753,3
65754,0
65755,5
65756,4
65757,9
65758,0
65759,5
65760,4
65761,0
65762,5
65763,7
65764,9
65765,1
65766,4
65767,8
65768,9
65769,7
65770,3
65771,6
65772,4
65773,1
65774,0
65775,3
65776,3
65777,0
65778,3
65779,2
65780,7
65781,4
65782,1
65783,4
65784,0
65785,4
65786,4
65787,9
65788,0
65789,3
65790,8
65791,8
65792,5
65793,0
65794,9
65795,3
65796,9
65797,4
65798,4
65799,2
65800,9
65801,4
65802,7
65803,9
65804,7
65805,5
65806,8
65807,4
65808,3
65809,8
65810,5
65811,4
65812,0
65813,9
65814,4
65815,4
65816,9
65817,0
65818,8
65819,0
65820,9
65821,9
65822,4
65823,0
65824,4
65825,9
65826,0
65827,0
65828,0
65829,9
65830,0
65831,0
65832,6
65833,8
65834,4
65835,9
65836,3
65837,3
65838,4
65839,5
65840,9
65841,4
65842,4
65843,4
65844,4
65845,5
65846,3
65847,7
65848,3
65849,1
65850,2
65851,9
65852,5
65853,3
65854,9
65855,0
65856,4
65857,1
65858,4
65859,2
65860,4
65861,7
65862,4
65863,2
65864,4
65865,9
65866,4
65867,6
65868,2
65869,9
65870,4
65871,9
65872,4
65873,1
65874,9
65875,0
65876,4
65877,5
65878,5
65879,3
65880,4
65881,5
65882,9
65883,4
65884,4
65885,0
65886,9
65887,3
65888,5
65889,8
65890,8
65891,7
65892,3
65893,8
65894,5
65895,5
65896,0
65897,1
65898,7
65899,4
65900,4
65901,4
65902,2
65903,7
65904,4
65905,0
65906,4
65907,9
65908,4
65909,4
65910,5
65911,4
65912,2
65913,4
65914,4
65915,4
65916,4
65917,5
65918,8
65919,9
65920,4
65921,4
65922,1
65923,5
65924,3
65925,4
65926,9
65927,4
65928,1
65929,3
65930,7
65931,4
65932,5
65933,4
65934,8
65935,8
65936,5
65937,9
65938,4
65939,1
65940,1
65941,8
65942,5
65943,2
65944,4
65945,5
65946,7
65947,8
65948,4
65949,0
65950,4
65951,9
65952,9
65953,4
65954,1
65955,4
65956,9
65957,4
65958,9
65959,3
65960,4
65961,4
65962,4
65963,8
65964,8
65965,0
65966,8
65967,1
65968,1
65969,4
65970,1
65971,1
65972,3
65973,4
65974,9
65975,5
65976,4
65977,9
65978,3
65979,0
65980,1
65981,4
65982,4
65983,4
65984,4
65985,0
65986,0
65987,4
65988,1
65989,4
65990,6
65991,7
65992,3
65993,7
65994,3
65995,4
65996,0
65997,2
65998,5
65999,3
66000,5
66001,0
66002,9
66003,0
66004,2
66005,4
66006,7
66007,4
66008,4
66009,4
66010,4
66011,6
66012,8
66013,4
66014,7
66015,7
66016,1
66017,8
66018,5
66019,7
66020,9
66021,4
66022,1
66023,0
66024,4
66025,4
66026,7
66027,0
66028,4
66029,4
66030,5
66031,9
66032,0
66033,9
66034,4
66035,4
66036,9
66037,9
66038,4
66039,8
66040,8
66041,0
66042,4
66043,4
66044,2
66045,0
66046,9
66047,9
66048,0
66049,4
66050,3
66051,4
66052,4
66053,5
66054,5
66055,4
66056,8
66057,7
66058,0
66059,3
66060,3
66061,9
66062,9
66063,4
66064,8
66065,0
66066,5
66067,7
66068,9
66069,0
66070,4
66071,9
66072,4
66073,4
66074,0
66075,4
66076,4
66077,2
66078,9
66079,3
66080,5
66081,4
66082,4
66083,3
66084,8
66085,4
66086,4
66087,1
66088,7
66089,4
66090,1
66091,8
66092,0
66093,8
66094,9
66095,4
66096,0
66097,4
66098,1
66099,4
66100,2
66101,4
66102,4
66103,4
66104,1
66105,8
66106,2
66107,7
66108,2
66109,4
66110,6
66111,1
66112,7
66113,4
66114,1
66115,5
66116,9
66117,4
66118,9
66119,9
66120,9
66121,3
66122,3
66123,4
66124,9
66125,9
66126,2
66127,1
66128,0
66129,9
66130,9
66131,7
66132,4
66133,5
66134,3
66135,8
66136,0
66137,5
66138,3
66139,3
66140,0
66141,9
66142,7
66143,8
66144,0
66145,6
66146,9
66147,1
66148,8
66149,5
66150,5
66151,4
66152,9
66153,9
66154,5
66155,8
66156,4
66157,0
66158,9
66159,3
66160,7
66161,4
66162,4
66163,0
66164,4
66165,6
66166,1
66167,9
66168,4
66169,1
66170,7
66171,2
66172,4
66173,6
66174,8
66175,8
66176,4
66177,1
66178,9
66179,9
66180,0
66181,1
66182,8
66183,5
66184,0
66185,1
66186,4
66187,3
66188,0
66189,7
66190,7
66191,4
66192,4
66193,2
66194,1
66195,4
66196,0
66197,1
66198,9
66199,8
66200,3
66201,0
66202,4
66203,4
66204,0
66205,5
66206,2
66207,1
66208,1
66209,6
66210,4
66211,4
66212,4
66213,7
66214,0
66215,4
66216,9
66217,8
66218,3
66219,4
66220,4
66221,0
66222,4
66223,0
66224,0
66225,4
66226,5
66227,4
66228,1
66229,5
66230,0
66231,4
66232,4
66233,8
66234,2
66235,4
66236,8
66237,9
66238,9
66239,8
66240,1
66241,9
66242,6
66243,2
66244,3
66245,6
66246,5
66247,9
66248,5
66249,4
66250,4
66251,4
66252,1
66253,0
66254,5
66255,4
66256,9
66257,4
66258,0
66259,4
66260,9
66261,0
66262,5
66263,8
66264,4
66265,9
66266,5
66267,4
66268,4
66269,3
66270,4
66271,1
66272,8
66273,4
66274,0
66275,4
66276,4
66277,4
66278,4
66279,9
66280,7
66281,4
66282,9
66283,4
66284,1
66285,9
66286,0
66287,5
66288,7
66289,7
66290,0
66291,8
66292,4
66293,9
66294,4
66295,4
66296,9
66297,1
66298,1
66299,5
66300,0
66301,2
66302,5
66303,8
66304,8
66305,0
66306,5
66307,4
66308,7
66309,7
66310,8
66311,3
66312,7
66313,5
66314,8
66315,3
66316,4
66317,7
66318,7
66319,5
66320,2
66321,4
66322,8
66323,4
66324,0
66325,1
66326,8
66327,7
66328,4
66329,4
66330,8
66331,0
66332,4
66333,3
66334,4
66335,5
66336,1
66337,4
66338,4
66339,9
66340,9
66341,4
66342,1
66343,1
66344,3
66345,3
66346,0
66347,2
66348,4
66349,4
66350,0
66351,3
66352,2
66353,4
66354,0
66355,6
66356,0
66357,9
66358,4
66359,4
66360,0
66361,0
66362,1
66363,4
66364,7
66365,4
66366,3
66367,3
66368,7
66369,5
66370,8
66371,4
66372,3
66373,5
66374,9
66375,8
66376,5
66377,0
66378,4
66379,0
66380,9
66381,4
66382,5
66383,4
66384,8
66385,4
66386,9
66387,2
66388,3
66389,7
66390,9
66391,4
66392,7
66393,1
66394,4
66395,1
66396,0
66397,5
66398,3
66399,0
66400,3
66401,7
66402,4
66403,4
66404,4
66405,4
66406,6
66407,0
66408,0
66409,9
66410,4
66411,4
66412,0
66413,0
66414,0
66415,0
66416,0
66417,2
66418,4
66419,9
66420,0
66421,0
66422,5
66423,4
66424,1
66425,4
66426,4
66427,9
66428,8
66429,5
66430,3
66431,9
66432,7
66433,3
66434,0
66435,9
66436,4
66437,8
66438,4
66439,7
66440,0
66441,9
66442,4
66443,4
66444,7
66445,4
66446,9
66447,5
66448,0
66449,4
66450,7
66451,4
66452,4
66453,0
66454,5
66455,8
66456,0
66457,1
66458,9
66459,9
66460,3
66461,4
66462,9
66463,9
66464,4
66465,2
66466,4
66467,3
66468,5
66469,0
66470,7
66471,8
66472,3
66473,5
66474,4
66475,4
66476,7
66477,5
66478,1
66479,5
66480,6
66481,0
66482,4
66483,3
66484,8
66485,8
66486,7
66487,4
66488,4
66489,4
66490,0
66491,2
66492,4
66493,4
66494,4
66495,4
66496,2
66497,0
66498,7
66499,9
66500,0
66501,4
66502,9
66503,0
66504,1
66505,0
66506,7
66507,5
66508,0
66509,4
66510,4
66511,8
66512,0
66513,4
66514,5
66515,9
66516,1
66517,1
66518,4
66519,4
66520,8
66521,0
66522,0
66523,5
66524,1
66525,5
66526,8
66527,4
66528,9
66529,3
66530,4
66531,4
66532,8
66533,4
66534,0
66535,4
66536,9
66537,6
66538,9
66539,4
66540,8
66541,8
66542,4
66543,7
66544,5
66545,4
66546,0
66547,4
66548,1
66549,4
66550,4
66551,1
66552,9
66553,4
66554,4
66555,4
66556,3
66557,4
66558,4
66559,7
66560,4
66561,4
66562,4
66563,0
66564,4
66565,2
66566,4
66567,3
66568,8
66569,4
66570,0
66571,4
66572,4
66573,2
66574,0
66575,2
66576,4
66577,4
66578,1
66579,9
66580,3
66581,7
66582,3
66583,7
66584,7
66585,6
66586,7
66587,4
66588,4
66589,9
66590,7
66591,7
66592,4
66593,4
66594,0
66595,6
66596,4
66597,4
66598,4
66599,3
66600,5
66601,9
66602,7
66603,4
66604,4
66605,4
66606,3
66607,4
66608,8
66609,9
66610,4
66611,3
66612,5
66613,0
66614,4
66615,5
66616,3
66617,1
66618,7
66619,2
66620,4
66621,3
66622,9
66623,7
66624,4
66625,5
66626,1
66627,3
66628,4
66629,4
66630,9
66631,2
66632,9
66633,8
66634,1
66635,0
66636,0
66637,4
66638,9
66639,4
66640,9
66641,0
66642,5
66643,3
66644,4
66645,9
66646,4
66647,0
66648,0
66649,4
66650,0
66651,9
66652,5
66653,0
66654,0
66655,0
66656,7
66657,4
66658,1
66659,5
66660,7
66661,5
66662,0
66663,4
66664,4
66665,2
66666,1
66667,4
66668,9
66669,4
66670,4
66671,7
66672,1
66673,5
66674,0
66675,0
66676,4
66677,0
66678,4
66679,5
66680,0
66681,4
66682,5
66683,3
66684,9
66685,7
66686,1
66687,5
66688,4
66689,0
66690,4
66691,4
66692,4
66693,0
66694,2
66695,3
66696,9
66697,4
66698,8
66699,9
66700,4
66701,8
66702,4
66703,4
66704,4
66705,2
66706,5
66707,0
66708,3
66709,1
66710,5
66711,1
66712,4
66713,3
66714,4
66715,9
66716,3
66717,0
66718,0
66719,4
66720,8
66721,4
66722,4
66723,3
66724,5
66725,9
66726,4
66727,0
66728,0
66729,1
66730,9
66731,7
66732,5
66733,2
66734,4
66735,8
66736,8
66737,9
66738,0
66739,9
66740,4
66741,2
66742,9
66743,7
66744,4
66745,8
66746,1
66747,2
66748,7
66749,4
66750,4
66751,3
66752,9
66753,5
66754,5
66755,2
66756,5
66757,1
66758,7
66759,8
66760,4
66761,8
66762,0
66763,2
66764,1
66765,0
66766,0
66767,9
66768,1
66769,0
66770,5
66771,4
66772,4
66773,8
66774,5
66775,5
66776,8
66777,0
66778,7
66779,3
66780,9
66781,4
66782,2
66783,9
66784,9
66785,5
66786,8
66787,4
66788,0
66789,0
66790,4
66791,5
66792,1
66793,4
66794,4
66795,9
66796,3
66797,8
66798,3
66799,0
66800,9
66801,8
66802,0
66803,1
66804,7
66805,4
66806,2
66807,1
66808,4
66809,5
66810,4
66811,4
66812,4
66813,2
66814,9
66815,3
66816,9
66817,4
66818,7
66819,9
66820,4
66821,4
66822,4
66823,7
66824,5
66825,5
66826,3
66827,5
66828,8
66829,1
66830,4
66831,0
66832,0
66833,5
66834,1
66835,0
66836,0
66837,0
66838,0
66839,3
66840,0
66841,0
66842,9
66843,4
66844,9
66845,8
66846,9
66847,0
66848,5
66849,5
66850,5
66851,0
66852,3
66853,2
66854,4
66855,9
66856,1
66857,9
66858,5
66859,9
66860,4
66861,4
66862,4
66863,0
66864,0
66865,4
66866,6
66867,0
66868,5
66869,1
66870,0
66871,4
66872,1
66873,1
66874,4
66875,4
66876,1
66877,6
66878,4
66879,2
66880,5
66881,9
66882,9
66883,0
66884,6
66885,5
66886,5
66887,8
66888,4
66889,7
66890,5
66891,8
66892,5
66893,5
66894,4
66895,3
66896,5
66897,4
66898,4
66899,3
66900,9
66901,4
66902,4
66903,3
66904,4
66905,5
66906,3
66907,0
66908,1
66909,3
66910,7
66911,9
66912,4
66913,0
66914,4
66915,2
66916,3
66917,9
66918,7
66919,4
66920,5
66921,5
66922,3
66923,4
66924,3
66925,1
66926,4
66927,4
66928,3
66929,5
66930,7
66931,9
66932,0
66933,8
66934,9
66935,7
66936,2
66937,4
66938,8
66939,3
66940,5
66941,4
66942,5
66943,5
66944,4
66945,3
66946,4
66947,0
66948,1
66949,7
66950,0
66951,0
66952,9
66953,4
66954,2
66955,4
66956,1
66957,0
66958,2
66959,8
66960,6
66961,3
66962,0
66963,6
66964,4
66965,4
66966,9
66967,4
66968,4
66969,9
66970,0
66971,9
66972,3
66973,8
66974,0
66975,0
66976,4
66977,8
66978,7
66979,7
66980,4
66981,5
66982,4
66983,0
66984,3
66985,3
66986,4
66987,0
66988,0
66989,0
66990,4
66991,2
66992,4
66993,0
66994,0
66995,8
66996,4
66997,4
66998,9
66999,8
67000,0
67001,4
67002,4
67003,0
67004,8
67005,4
67006,2
67007,9
67008,4
67009,0
67010,4
67011,5
67012,4
67013,5
67014,8
67015,1
67016,5
67017,0
67018,4
67019,3
67020,4
67021,3
67022,8
67023,4
67024,9
67025,4
67026,3
67027,9
67028,4
67029,9
67030,8
67031,8
67032,4
67033,5
67034,1
67035,1
67036,8
67037,4
67038,8
67039,5
67040,0
67041,0
67042,2
67043,1
67044,4
67045,9
67046,2
67047,4
67048,4
67049,3
67050,7
67051,1
67052,4
67053,9
67054,8
67055,8
67056,9
67057,4
67058,0
67059,5
67060,1
67061,5
67062,4
67063,4
67064,5
67065,5
67066,9
67067,2
67068,6
67069,4
67070,6
67071,4
67072,0
67073,1
67074,4
67075,9
67076,2
67077,7
67078,4
67079,4
67080,4
67081,3
67082,4
67083,9
67084,0
67085,2
67086,3
67087,1
67088,5
67089,4
67090,8
67091,9
67092,8
67093,2
67094,7
67095,0
67096,0
67097,9
67098,8
67099,0
67100,7
67101,3
67102,7
67103,9
67104,9
67105,4
67106,1
67107,4
67108,4
67109,1
67110,4
67111,2
67112,8
67113,0
67114,4
67115,4
67116,9
67117,4
67118,3
67119,4
67120,3
67121,0
67122,7
67123,6
67124,7
67125,4
67126,4
67127,9
67128,1
67129,4
67130,0
67131,8
67132,8
67133,4
67134,9
67135,0
67136,7
67137,1
67138,9
67139,1
67140,4
67141,2
67142,3
67143,0
67144,0
67145,8
67146,2
67147,3
67148,4
67149,2
67150,0
67151,2
67152,6
67153,6
67154,2
67155,8
67156,4
67157,1
67158,5
67159,4
67160,3
67161,4
67162,0
67163,9
67164,0
67165,5
67166,8
67167,6
67168,8
67169,7
67170,4
67171,1
67172,9
67173,3
67174,4
67175,3
67176,1
67177,2
67178,4
67179,4
67180,7
67181,1
67182,3
67183,4
67184,9
67185,5
67186,1
67187,8
67188,3
67189,4
67190,4
67191,4
67192,9
67193,0
67194,0
67195,5
67196,9
67197,9
67198,9
67199,0
67200,8
67201,4
67202,3
67203,4
67204,7
67205,7
67206,4
67207,0
67208,5
67209,2
67210,9
67211,3
67212,2
67213,4
67214,9
67215,0
67216,9
67217,3
67218,1
67219,5
67220,7
67221,9
67222,4
67223,9
67224,5
67225,3
67226,4
67227,4
67228,5
67229,4
67230,8
67231,8
67232,4
67233,4
67234,3
67235,7
67236,0
67237,9
67238,4
67239,0
67240,4
67241,5
67242,1
67243,9
67244,1
67245,4
67246,1
67247,0
67248,7
67249,3
67250,0
67251,4
67252,0
67253,8
67254,1
67255,3
67256,5
67257,8
67258,4
67259,9
67260,3
67261,4
67262,4
67263,4
67264,2
67265,9
67266,4
67267,8
67268,0
67269,4
67270,4
67271,7
67272,9
67273,2
67274,4
67275,1
67276,5
67277,3
67278,0
67279,1
67280,1
67281,4
67282,0
67283,1
67284,9
67285,4
67286,4
67287,9
67288,4
67289,7
67290,0
67291,9
67292,2
67293,2
67294,4
67295,9
67296,9
67297,4
67298,0
67299,9
67300,1
67301,3
67302,6
67303,4
67304,0
67305,9
67306,4
67307,2
67308,0
67309,8
67310,0
67311,4
67312,5
67313,4
67314,3
67315,1
67316,2
67317,0
67318,4
67319,4
67320,9
67321,4
67322,3
67323,9
67324,9
67325,4
67326,0
67327,2
67328,9
67329,4
67330,4
67331,4
67332,4
67333,5
67334,3
67335,0
67336,3
67337,8
67338,0
67339,1
67340,7
67341,0
67342,5
67343,4
67344,0
67345,4
67346,1
67347,8
67348,7
67349,8
67350,9
67351,0
67352,5
67353,8
67354,0
67355,7
67356,4
67357,7
67358,7
67359,7
67360,9
67361,0
67362,0
67363,4
67364,9
67365,9
67366,0
67367,0
67368,4
67369,5
67370,3
67371,2
67372,9
67373,4
67374,0
67375,0
67376,4
67377,0
67378,5
67379,0
67380,4
67381,9
67382,1
67383,0
67384,3
67385,4
67386,3
67387,5
67388,4
67389,3
67390,8
67391,8
67392,4
67393,7
67394,4
67395,4
67396,5
67397,9
67398,9
67399,5
67400,7
67401,6
67402,4
67403,9
67404,4
67405,4
67406,9
67407,9
67408,9
67409,0
67410,9
67411,4
67412,7
67413,5
67414,9
67415,1
67416,0
67417,1
67418,4
67419,7
67420,0
67421,4
67422,7
67423,4
67424,0
67425,0
67426,9
67427,0
67428,7
67429,8
67430,4
67431,5
67432,2
67433,9
67434,2
67435,9
67436,4
67437,8
67438,9
67439,4
67440,3
67441,5
67442,4
67443,4
67444,7
67445,6
67446,0
67447,5
67448,0
67449,9
67450,7
67451,7
67452,5
67453,4
67454,8
67455,8
67456,7
67457,4
67458,8
67459,8
67460,9
67461,9
67462,2
67463,7
67464,7
67465,9
67466,4
67467,4
67468,0
67469,1
67470,9
67471,4
67472,5
67473,5
67474,9
67475,9
67476,5
67477,4
67478,9
67479,4
67480,0
67481,8
67482,1
67483,5
67484,4
67485,4
67486,1
67487,4
67488,4
67489,3
67490,4
67491,0
67492,1
67493,4
67494,9
67495,4
67496,2
67497,5
67498,4
67499,7
67500,0
67501,0
67502,8
67503,4
67504,9
67505,0
67506,5
67507,5
67508,9
67509,3
67510,1
67511,4
67512,3
67513,9
67514,1
67515,4
67516,3
67517,6
67518,4
67519,6
67520,0
67521,4
67522,3
67523,0
67524,6
67525,9
67526,4
67527,0
67528,9
67529,4
67530,4
67531,7
67532,4
67533,4
67534,4
67535,8
67536,4
67537,5
67538,8
67539,4
67540,3
67541,7
67542,4
67543,5
67544,7
67545,5
67546,7
67547,9
67548,0
67549,4
67550,3
67551,9
67552,7
67553,9
67554,3
67555,4
67556,8
67557,8
67558,2
67559,4
67560,8
67561,5
67562,7
67563,2
67564,4
67565,1
67566,2
67567,8
67568,4
67569,1
67570,4
67571,0
67572,0
67573,7
67574,8
67575,0
67576,9
67577,0
67578,4
67579,7
67580,4
67581,1
67582,9
67583,2
67584,4
67585,4
67586,2
67587,5
67588,4
67589,4
67590,4
67591,4
67592,4
67593,0
67594,9
67595,4
67596,9
67597,9
67598,2
67599,0
67600,9
67601,4
67602,1
67603,7
67604,4
67605,1
67606,9
67607,9
67608,0
67609,4
67610,1
67611,3
67612,0
67613,0
67614,1
67615,7
67616,1
67617,5
67618,8
67619,7
67620,5
67621,0
67622,4
67623,1
67624,0
67625,8
67626,3
67627,4
67628,4
67629,2
67630,4
67631,9
67632,9
67633,2
67634,7
67635,0
67636,4
67637,9
67638,8
67639,0
67640,4
67641,3
67642,1
67643,2
67644,2
67645,4
67646,4
67647,1
67648,1
67649,4
67650,7
67651,4
67652,9
67653,7
67654,5
67655,4
67656,4
67657,2
67658,9
67659,4
67660,9
67661,1
67662,7
67663,7
67664,4
67665,2
67666,7
67667,3
67668,0
67669,9
67670,4
67671,0
67672,9
67673,3
67674,4
67675,3
67676,9
67677,7
67678,0
67679,0
67680,4
67681,9
67682,1
67683,9
67684,4
67685,9
67686,4
67687,4
67688,4
67689,7
67690,4
67691,4
67692,4
67693,1
67694,4
67695,9
67696,4
67697,4
67698,0
67699,8
67700,0
67701,7
67702,8
67703,8
67704,4
67705,9
67706,0
67707,4
67708,4
67709,4
67710,3
67711,6
67712,8
67713,9
67714,8
67715,7
67716,0
67717,5
67718,7
67719,7
67720,3
67721,5
67722,2
67723,7
67724,4
67725,3
67726,4
67727,8
67728,3
67729,7
67730,0
67731,1
67732,0
67733,2
67734,3
67735,4
67736,1
67737,4
67738,0
67739,5
67740,4
67741,9
67742,5
67743,3
67744,4
67745,3
67746,4
67747,4
67748,8
67749,3
67750,9
67751,5
67752,8
67753,4
67754,5
67755,2
67756,9
67757,3
67758,6
67759,3
67760,9
67761,9
67762,1
67763,4
67764,9
67765,4
67766,4
67767,5
67768,5
67769,4
67770,4
67771,1
67772,3
67773,4
67774,0
67775,1
67776,7
67777,9
67778,0
67779,4
67780,9
67781,4
67782,5
67783,9
67784,1
67785,2
67786,9
67787,1
67788,9
67789,4
67790,3
67791,1
67792,4
67793,9
67794,1
67795,4
67796,0
67797,3
67798,0
67799,3
67800,0
67801,9
67802,2
67803,4
67804,0
67805,4
67806,4
67807,7
67808,7
67809,5
67810,3
67811,8
67812,5
67813,6
67814,0
67815,9
67816,1
67817,5
67818,7
67819,4
67820,4
67821,3
67822,1
67823,1
67824,0
67825,9
67826,9
67827,0
67828,0
67829,4
67830,9
67831,0
67832,4
67833,9
67834,5
67835,4
67836,4
67837,0
67838,2
67839,8
67840,4
67841,4
67842,3
67843,9
67844,9
67845,5
67846,5
67847,2
67848,2
67849,4
67850,5
67851,4
67852,6
67853,8
67854,4
67855,7
67856,7
67857,4
67858,3
67859,0
67860,8
67861,2
67862,0
67863,0
67864,4
67865,2
67866,4
67867,5
67868,7
67869,9
67870,0
67871,0
67872,1
67873,1
67874,9
67875,0
67876,7
67877,5
67878,1
67879,0
67880,4
67881,5
67882,4
67883,8
67884,2
67885,4
67886,0
67887,5
67888,9
67889,5
67890,4
67891,7
67892,8
67893,7
67894,1
67895,7
67896,5
67897,5
67898,6
67899,3
67900,5
67901,2
67902,9
67903,4
67904,0
67905,9
67906,0
67907,5
67908,9
67909,5
67910,4
67911,2
67912,0
67913,9
67914,4
67915,5
67916,3
67917,9
67918,0
67919,4
67920,9
67921,9
67922,2
67923,5
67924,4
67925,4
67926,1
67927,4
67928,9
67929,0
67930,4
67931,2
67932,3
67933,4
67934,2
67935,8
67936,0
67937,5
67938,1
67939,0
67940,7
67941,7
67942,5
67943,9
67944,7
67945,9
67946,0
67947,7
67948,2
67949,4
67950,7
67951,1
67952,0
67953,1
67954,4
67955,3
67956,1
67957,0
67958,7
67959,5
67960,4
67961,1
67962,0
67963,0
67964,0
67965,4
67966,6
67967,7
67968,5
67969,2
67970,4
67971,2
67972,3
67973,8
67974,1
67975,4
67976,0
67977,0
67978,2
67979,7
67980,7
67981,9
67982,6
67983,1
67984,8
67985,7
67986,5
67987,0
67988,5
67989,5
67990,4
67991,1
67992,4
67993,2
67994,4
67995,4
67996,4
67997,0
67998,4
67999,5
68000,3
68001,0
68002,3
68003,1
68004,0
68005,1
68006,6
68007,4
68008,7
68009,5
68010,6
68011,1
68012,4
68013,8
68014,1
68015,4
68016,5
68017,1
68018,9
68019,4
68020,1
68021,7
68022,3
68023,9
68024,3
68025,4
68026,7
68027,7
68028,4
68029,4
68030,4
68031,4
68032,8
68033,8
68034,4
68035,1
68036,9
68037,0
68038,1
68039,4
68040,4
68041,8
68042,5
68043,3
68044,9
68045,4
68046,0
68047,4
68048,9
68049,8
68050,4
68051,5
68052,9
68053,4
68054,5
68055,4
68056,0
68057,7
68058,7
68059,5
68060,5
68061,4
68062,4
68063,9
68064,8
68065,9
68066,5
68067,5
68068,1
68069,9
68070,9
68071,9
68072,0
68073,9
68074,8
68075,1
68076,0
68077,0
68078,4
68079,7
68080,9
68081,2
68082,4
68083,8
68084,3
68085,4
68086,1
68087,0
68088,3
68089,5
68090,7
68091,4
68092,9
68093,0
68094,0
68095,9
68096,8
68097,4
68098,8
68099,1
68100,0
68101,4
68102,4
68103,1
68104,5
68105,4
68106,0
68107,0
68108,0
68109,4
68110,4
68111,4
68112,0
68113,0
68114,4
68115,4
68116,9
68117,1
68118,4
68119,9
68120,6
68121,4
68122,5
68123,3
68124,1
68125,1
68126,9
68127,4
68128,0
68129,9
68130,1
68131,8
68132,3
68133,9
68134,4
68135,1
68136,9
68137,8
68138,9
68139,4
68140,2
68141,0
68142,8
68143,5
68144,1
68145,4
68146,5
68147,4
68148,8
68149,8
68150,5
68151,2
68152,7
68153,7
68154,9
68155,1
68156,4
68157,4
68158,4
68159,9
68160,5
68161,4
68162,9
68163,2
68164,5
68165,8
68166,2
68167,0
68168,4
68169,2
68170,1
68171,8
68172,7
68173,5
68174,0
68175,4
68176,1
68177,0
68178,0
68179,4
68180,4
68181,9
68182,9
68183,4
68184,1
68185,3
68186,9
68187,1
68188,4
68189,9
68190,1
68191,4
68192,7
68193,5
68194,3
68195,3
68196,0
68197,5
68198,5
68199,4
68200,5
68201,9
68202,4
68203,0
68204,0
68205,5
68206,1
68207,4
68208,6
68209,9
68210,1
68211,0
68212,0
68213,8
68214,4
68215,9
68216,4
68217,5
68218,1
68219,5
68220,7
68221,4
68222,4
68223,5
68224,3
68225,9
68226,7
68227,5
68228,4
68229,4
68230,9
68231,0
68232,8
68233,4
68234,2
68235,0
68236,4
68237,7
68238,6
68239,9
68240,7
68241,9
68242,0
68243,0
68244,0
68245,4
68246,3
68247,4
68248,4
68249,5
68250,2
68251,9
68252,8
68253,8
68254,8
68255,3
68256,9
68257,2
68258,9
68259,9
68260,2
68261,4
68262,2
68263,0
68264,9
68265,1
68266,0
68267,1
68268,8
68269,2
68270,4
68271,1
68272,8
68273,4
68274,9
68275,8
68276,7
68277,8
68278,3
68279,9
68280,9
68281,2
68282,3
68283,7
68284,0
68285,9
68286,9
68287,0
68288,4
68289,9
68290,5
68291,7
68292,0
68293,4
68294,8
68295,4
68296,9
68297,8
68298,3
68299,0
68300,9
68301,0
68302,8
68303,0
68304,5
68305,9
68306,0
68307,5
68308,3
68309,4
68310,4
68311,8
68312,0
68313,8
68314,4
68315,4
68316,4
68317,4
68318,4
68319,8
68320,0
68321,0
68322,4
68323,0
68324,1
68325,0
68326,4
68327,1
68328,9
68329,4
68330,5
68331,7
68332,9
68333,8
68334,4
68335,4
68336,3
68337,9
68338,4
68339,5
68340,4
68341,7
68342,9
68343,9
68344,4
68345,7
68346,2
68347,4
68348,9
68349,8
68350,4
68351,7
68352,0
68353,8
68354,9
68355,0
68356,6
68357,0
68358,2
68359,9
68360,9
68361,3
68362,4
68363,9
68364,0
68365,3
68366,4
68367,5
68368,4
68369,3
68370,9
68371,5
68372,2
68373,2
68374,8
68375,2
68376,4
68377,1
68378,4
68379,0
68380,5
68381,5
68382,4
68383,3
68384,1
68385,4
68386,8
68387,4
68388,1
68389,4
68390,6
68391,7
68392,2
68393,1
68394,4
68395,3
68396,9
68397,0
68398,0
68399,0
68400,4
68401,9
68402,3
68403,4
68404,4
68405,4
68406,9
68407,7
68408,0
68409,9
68410,8
68411,2
68412,5
68413,5
68414,3
68415,5
68416,9
68417,9
68418,4
68419,9
68420,4
68421,4
68422,7
68423,1
68424,4
68425,5
68426,0
68427,9
68428,7
68429,6
68430,4
68431,1
68432,3
68433,3
68434,0
68435,9
68436,3
68437,4
68438,7
68439,8
68440,8
68441,4
68442,9
68443,8
68444,4
68445,0
68446,4
68447,8
68448,1
68449,0
68450,4
68451,1
68452,3
68453,7
68454,9
68455,5
68456,0
68457,0
68458,1
68459,9
68460,8
68461,0
68462,9
68463,0
68464,5
68465,4
68466,0
68467,4
68468,9
68469,0
68470,4
68471,9
68472,0
68473,7
68474,7
68475,5
68476,4
68477,6
68478,8
68479,8
68480,2
68481,5
68482,9
68483,4
68484,4
68485,2
68486,1
68487,3
68488,7
68489,0
68490,4
68491,5
68492,4
68493,0
68494,0
68495,9
68496,1
68497,1
68498,3
68499,1
68500,4
68501,7
68502,4
68503,1
68504,4
68505,6
68506,0
68507,1
68508,4
68509,5
68510,1
68511,4
68512,9
68513,9
68514,5
68515,0
68516,7
68517,4
68518,4
68519,9
68520,9
68521,9
68522,4
68523,3
68524,9
68525,9
68526,9
68527,4
68528,5
68529,0
68530,5
68531,6
68532,1
68533,0
68534,5
68535,1
68536,7
68537,0
68538,4
68539,9
68540,4
68541,2
68542,1
68543,4
68544,1
68545,9
68546,4
68547,2
68548,5
68549,9
68550,9
68551,0
68552,4
68553,2
68554,8
68555,9
68556,4
68557,4
68558,8
68559,8
68560,0
68561,0
68562,0
68563,0
68564,0
68565,0
68566,8
68567,0
68568,3
68569,3
68570,1
68571,4
68572,1
68573,1
68574,5
68575,1
68576,9
68577,9
68578,0
68579,4
68580,1
68581,3
68582,4
68583,3
68584,4
68585,5
68586,1
68587,4
68588,1
68589,4
68590,4
68591,1
68592,0
68593,2
68594,6
68595,4
68596,1
68597,9
68598,4
68599,4
68600,9
68601,4
68602,5
68603,9
68604,1
68605,1
68606,7
68607,8
68608,4
68609,7
68610,5
68611,1
68612,9
68613,1
68614,9
68615,5
68616,5
68617,8
68618,4
68619,2
68620,9
68621,9
68622,1
68623,4
68624,4
68625,8
68626,7
68627,0
68628,4
68629,4
68630,7
68631,4
68632,4
68633,4
68634,4
68635,6
68636,4
68637,3
68638,5
68639,9
68640,4
68641,4
68642,4
68643,8
68644,4
68645,0
68646,0
68647,1
68648,0
68649,1
68650,1
68651,4
68652,4
68653,9
68654,4
68655,0
68656,0
68657,2
68658,4
68659,3
68660,0
68661,4
68662,3
68663,3
68664,1
68665,5
68666,0
68667,7
68668,0
68669,9
68670,4
68671,5
68672,4
68673,4
68674,9
68675,7
68676,5
68677,3
68678,5
68679,3
68680,7
68681,3
68682,4
68683,9
68684,4
68685,5
68686,7
68687,1
68688,0
68689,3
68690,9
68691,5
68692,9
68693,8
68694,8
68695,0
68696,5
68697,4
68698,4
68699,4
68700,0
68701,1
68702,7
68703,9
68704,4
68705,9
68706,8
68707,5
68708,4
68709,4
68710,4
68711,3
68712,7
68713,7
68714,4
68715,7
68716,8
68717,4
68718,0
68719,2
68720,8
68721,4
68722,1
68723,7
68724,0
68725,4
68726,1
68727,2
68728,8
68729,2
68730,0
68731,4
68732,9
68733,9
68734,1
68735,2
68736,4
68737,7
68738,4
68739,4
68740,4
68741,4
68742,3
68743,4
68744,1
68745,9
68746,7
68747,1
68748,2
68749,4
68750,4
68751,4
68752,7
68753,5
68754,4
68755,4
68756,7
68757,0
68758,5
68759,4
68760,9
68761,5
68762,4
68763,7
68764,9
68765,5
68766,3
68767,0
68768,4
68769,4
68770,2
68771,4
68772,4
68773,6
68774,3
68775,7
68776,4
68777,5
68778,2
68779,8
68780,4
68781,4
68782,9
68783,9
68784,7
68785,4
68786,1
68787,5
68788,4
68789,0
68790,1
68791,9
68792,3
68793,7
68794,0
68795,1
68796,4
68797,4
68798,9
68799,4
68800,4
68801,4
68802,3
68803,2
68804,9
68805,4
68806,9
68807,4
68808,4
68809,9
68810,0
68811,8
68812,4
68813,9
68814,5
68815,4
68816,1
68817,9
68818,4
68819,9
68820,3
68821,4
68822,9
68823,2
68824,4
68825,6
68826,0
68827,4
68828,4
68829,4
68830,9
68831,1
68832,4
68833,4
68834,1
68835,5
68836,4
68837,4
68838,0
68839,4
68840,4
68841,4
68842,4
68843,3
68844,4
68845,2
68846,3
68847,7
68848,8
68849,5
68850,9
68851,3
68852,0
68853,9
68854,7
68855,0
68856,2
68857,2
68858,7
68859,7
68860,0
68861,3
68862,3
68863,5
68864,3
68865,7
68866,3
68867,1
68868,5
68869,0
68870,8
68871,2
68872,5
68873,4
68874,4
68875,9
68876,9
68877,4
68878,7
68879,9
68880,3
68881,8
68882,8
68883,0
68884,3
68885,6
68886,4
68887,4
68888,0
68889,4
68890,6
68891,1
68892,8
68893,4
68894,4
68895,4
68896,3
68897,0
68898,8
68899,4
68900,4
68901,7
68902,4
68903,1
68904,1
68905,1
68906,7
68907,3
68908,4
68909,4
68910,7
68911,4
68912,9
68913,0
68914,5
68915,3
68916,4
68917,8
68918,7
68919,4
68920,4
68921,1
68922,4
68923,4
68924,5
68925,1
68926,4
68927,7
68928,4
68929,0
68930,3
68931,3
68932,0
68933,4
68934,4
68935,7
68936,6
68937,9
68938,4
68939,5
68940,2
68941,0
68942,7
68943,3
68944,9
68945,4
68946,7
68947,1
68948,0
68949,4
68950,2
68951,1
68952,0
68953,4
68954,1
68955,5
68956,4
68957,1
68958,9
68959,1
68960,0
68961,4
68962,7
68963,3
68964,4
68965,5
68966,3
68967,9
68968,4
68969,0
68970,8
68971,4
68972,0
68973,7
68974,7
68975,8
68976,5
68977,6
68978,9
68979,9
68980,9
68981,4
68982,1
68983,6
68984,2
68985,8
68986,1
68987,4
68988,4
68989,0
68990,9
68991,0
68992,4
68993,0
68994,1
68995,4
68996,0
68997,2
68998,8
68999,1
69000,4
69001,2
69002,4
69003,1
69004,2
69005,5
69006,3
69007,3
69008,4
69009,4
69010,4
69011,8
69012,9
69013,0
69014,3
69015,3
69016,0
69017,1
69018,9
69019,5
69020,4
69021,5
69022,8
69023,8
69024,9
69025,6
69026,1
69027,0
69028,6
69029,2
69030,5
69031,1
69032,0
69033,9
69034,4
69035,4
69036,8
69037,4
69038,4
69039,7
69040,4
69041,5
69042,4
69043,4
69044,4
69045,1
69046,5
69047,1
69048,1
69049,2
69050,5
69051,4
69052,0
69053,4
69054,2
69055,4
69056,7
69057,6
69058,8
69059,4
69060,4
69061,3
69062,4
69063,9
69064,7
69065,4
69066,4
69067,8
69068,9
69069,4
69070,5
69071,2
69072,3
69073,4
69074,1
69075,9
69076,2
69077,1
69078,3
69079,7
69080,3
69081,4
69082,0
69083,9
69084,4
69085,7
69086,1
69087,3
69088,3
69089,6
69090,0
69091,3
69092,8
69093,3
69094,0
69095,0
69096,3
69097,7
69098,1
69099,4
69100,4
69101,9
69102,4
69103,8
69104,6
69105,4
69106,0
69107,2
69108,4
69109,4
69110,9
69111,5
69112,7
69113,9
69114,4
69115,1
69116,6
69117,2
69118,9
69119,0
69120,4
69121,9
69122,4
69123,8
69124,2
69125,2
69126,0
69127,7
69128,0
69129,6
69130,4
69131,4
69132,5
69133,8
69134,6
69135,3
69136,3
69137,5
69138,9
69139,2
69140,0
69141,5
69142,1
69143,4
69144,9
69145,4
69146,2
69147,5
69148,4
69149,7
69150,3
69151,1
69152,9
69153,2
69154,2
69155,2
69156,8
69157,1
69158,0
69159,8
69160,4
69161,4
69162,0
69163,0
69164,6
69165,9
69166,4
69167,8
69168,8
69169,3
69170,4
69171,8
69172,4
69173,7
69174,4
69175,1
69176,1
69177,0
69178,3
69179,4
69180,9
69181,1
69182,3
69183,9
69184,5
69185,5
69186,4
69187,4
69188,6
69189,5
69190,4
69191,4
69192,6
69193,1
69194,4
69195,7
69196,7
69197,4
69198,4
69199,4
69200,4
69201,7
69202,3
69203,9
69204,5
69205,8
69206,1
69207,4
69208,3
69209,1
69210,4
69211,8
69212,2
69213,4
69214,3
69215,0
69216,0
69217,1
69218,3
69219,2
69220,4
69221,4
69222,3
69223,4
69224,4
69225,2
69226,5
69227,1
69228,1
69229,0
69230,3
69231,4
69232,0
69233,0
69234,2
69235,1
69236,9
69237,9
69238,1
69239,3
69240,3
69241,6
69242,9
69243,8
69244,7
69245,4
69246,4
69247,0
69248,3
69249,1
69250,5
69251,0
69252,4
69253,9
69254,3
69255,8
69256,4
69257,8
69258,0
69259,4
69260,2
69261,2
69262,4
69263,4
69264,2
69265,8
69266,9
69267,9
69268,8
69269,4
69270,0
69271,4
69272,4
69273,6
69274,7
69275,4
69276,4
69277,4
69278,1
69279,4
69280,3
69281,5
69282,0
69283,4
69284,7
69285,0
69286,1
69287,7
69288,1
69289,9
69290,1
69291,7
69292,4
69293,0
69294,5
69295,1
69296,7
69297,4
69298,0
69299,8
69300,4
69301,5
69302,4
69303,2
69304,4
69305,0
69306,9
69307,8
69308,1
69309,4
69310,9
69311,3
69312,3
69313,0
69314,7
69315,5
69316,4
69317,5
69318,7
69319,8
69320,4
69321,4
69322,0
69323,7
69324,9
69325,0
69326,0
69327,1
69328,9
69329,4
69330,9
69331,5
69332,9
69333,4
69334,7
69335,0
69336,7
69337,0
69338,1
69339,0
69340,5
69341,0
69342,3
69343,8
69344,4
69345,4
69346,8
69347,0
69348,4
69349,4
69350,0
69351,1
69352,7
69353,9
69354,6
69355,3
69356,7
69357,1
69358,3
69359,1
69360,0
69361,3
69362,4
69363,4
69364,3
69365,4
69366,7
69367,7
69368,5
69369,0
69370,1
69371,8
69372,7
69373,1
69374,7
69375,2
69376,4
69377,8
69378,0
69379,4
69380,4
69381,9
69382,7
69383,4
69384,7
69385,9
69386,8
69387,7
69388,8
69389,1
69390,7
69391,4
69392,2
69393,9
69394,4
69395,9
69396,9
69397,1
69398,9
69399,4
69400,5
69401,4
69402,6
69403,4
69404,0
69405,3
69406,4
69407,4
69408,0
69409,5
69410,7
69411,4
69412,9
69413,5
69414,0
69415,7
69416,8
69417,4
69418,4
69419,4
69420,4
69421,1
69422,9
69423,5
69424,4
69425,4
69426,1
69427,9
69428,5
69429,4
69430,0
69431,4
69432,8
69433,3
69434,9
69435,2
69436,4
69437,4
69438,9
69439,4
69440,4
69441,4
69442,9
69443,4
69444,3
69445,9
69446,4
69447,9
69448,7
69449,2
69450,4
69451,3
69452,7
69453,7
69454,9
69455,3
69456,9
69457,5
69458,1
69459,2
69460,7
69461,9
69462,8
69463,4
69464,2
69465,9
69466,5
69467,5
69468,1
69469,5
69470,8
69471,3
69472,0
69473,7
69474,4
69475,9
69476,1
69477,3
69478,7
69479,9
69480,1
69481,0
69482,7
69483,9
69484,9
69485,4
69486,9
69487,2
69488,1
69489,4
69490,8
69491,5
69492,9
69493,8
69494,0
69495,0
69496,9
69497,9
69498,1
69499,4
69500,4
69501,4
69502,8
69503,8
69504,1
69505,3
69506,0
69507,5
69508,0
69509,4
69510,4
69511,3
69512,0
69513,4
69514,4
69515,4
69516,9
69517,3
69518,1
69519,1
69520,4
69521,1
69522,2
69523,2
69524,0
69525,0
69526,3
69527,5
69528,9
69529,2
69530,5
69531,6
69532,3
69533,4
69534,5
69535,0
69536,1
69537,0
69538,7
69539,2
69540,9
69541,4
69542,3
69543,4
69544,0
69545,7
69546,7
69547,3
69548,0
69549,9
69550,4
69551,8
69552,8
69553,3
69554,6
69555,0
69556,0
69557,1
69558,5
69559,2
69560,0
69561,4
69562,5
69563,1
69564,0
69565,4
69566,6
69567,8
69568,0
69569,4
69570,8
69571,1
69572,1
69573,5
69574,4
69575,4
69576,9
69577,8
69578,9
69579,4
69580,4
69581,6
69582,4
69583,1
69584,4
69585,7
69586,4
69587,9
69588,5
69589,3
69590,0
69591,8
69592,4
69593,3
69594,5
69595,7
69596,4
69597,1
69598,4
69599,4
69600,4
69601,1
69602,3
69603,2
69604,7
69605,3
69606,6
69607,6
69608,4
69609,7
69610,4
69611,9
69612,8
69613,5
69614,4
69615,1
69616,4
69617,4
69618,0
69619,1
69620,7
69621,9
69622,1
69623,9
69624,4
69625,9
69626,4
69627,0
69628,8
69629,3
69630,6
69631,3
69632,8
69633,4
69634,7
69635,1
69636,4
69637,6
69638,7
69639,4
69640,4
69641,9
69642,5
69643,0
69644,3
69645,8
69646,7
69647,4
69648,1
69649,4
69650,7
69651,0
69652,5
69653,4
69654,0
69655,5
69656,4
69657,5
69658,4
69659,4
69660,4
69661,9
69662,0
69663,7
69664,4
69665,2
69666,4
69667,9
69668,7
69669,6
69670,6
69671,0
69672,4
69673,0
69674,4
69675,9
69676,1
69677,1
69678,5
69679,1
69680,9
69681,2
69682,1
69683,9
69684,4
69685,1
69686,4
69687,6
69688,9
69689,4
69690,0
69691,7
69692,4
69693,8
69694,4
69695,3
69696,4
69697,4
69698,7
69699,8
69700,0
69701,4
69702,3
69703,3
69704,7
69705,9
69706,8
69707,7
69708,0
69709,4
69710,3
69711,6
69712,5
69713,4
69714,8
69715,8
69716,0
69717,0
69718,0
69719,9
69720,4
69721,5
69722,3
69723,7
69724,1
69725,9
69726,9
69727,9
69728,4
69729,5
69730,1
69731,5
69732,9
69733,4
69734,8
69735,3
69736,9
69737,3
69738,4
69739,4
69740,4
69741,3
69742,3
69743,9
69744,0
69745,3
69746,4
69747,5
69748,4
69749,4
69750,0
69751,5
69752,4
69753,9
69754,9
69755,4
69756,4
69757,4
69758,3
69759,6
69760,0
69761,3
69762,5
69763,0
69764,4
69765,0
69766,1
69767,7
69768,7
69769,4
69770,5
69771,9
69772,9
69773,1
69774,4
69775,6
69776,2
69777,1
69778,0
69779,9
69780,4
69781,7
69782,9
69783,4
69784,1
69785,4
69786,3
69787,4
69788,1
69789,0
69790,0
69791,1
69792,0
69793,3
69794,0
69795,4
69796,1
69797,4
69798,4
69799,9
69800,1
69801,8
69802,4
69803,4
69804,5
69805,7
69806,3
69807,4
69808,2
69809,8
69810,0
69811,4
69812,0
69813,1
69814,0
69815,3
69816,1
69817,3
69818,4
69819,0
69820,1
69821,4
69822,4
69823,9
69824,1
69825,5
69826,1
69827,4
69828,0
69829,3
69830,3
69831,1
69832,2
69833,4
69834,4
69835,7
69836,4
69837,0
69838,2
69839,9
69840,1
69841,4
69842,0
69843,4
69844,2
69845,9
69846,4
69847,9
69848,0
69849,4
69850,4
69851,9
69852,1
69853,9
69854,7
69855,0
69856,0
69857,4
69858,3
69859,5
69860,9
69861,9
69862,4
69863,0
69864,0
69865,9
69866,4
69867,3
69868,2
69869,5
69870,2
69871,1
69872,9
69873,3
69874,2
69875,0
69876,3
69877,3
69878,4
69879,4
69880,8
69881,0
69882,9
69883,8
69884,0
69885,0
69886,5
69887,8
69888,9
69889,4
69890,4
69891,3
69892,3
69893,9
69894,8
69895,2
69896,4
69897,0
69898,0
69899,4
69900,2
69901,1
69902,1
69903,7
69904,5
69905,7
69906,0
69907,9
69908,2
69909,5
69910,4
69911,7
69912,4
69913,4
69914,4
69915,5
69916,7
69917,0
69918,0
69919,6
69920,5
69921,3
69922,0
69923,4
69924,9
69925,4
69926,5
69927,4
69928,1
69929,3
69930,3
69931,0
69932,7
69933,3
69934,4
69935,0
69936,8
69937,0
69938,9
69939,2
69940,1
69941,5
69942,9
69943,7
69944,3
69945,4
69946,9
69947,1
69948,1
69949,0
69950,7
69951,7
69952,4
69953,4
69954,1
69955,9
69956,1
69957,7
69958,2
69959,2
69960,6
69961,4
69962,5
69963,5
69964,0
69965,9
69966,5
69967,8
69968,7
69969,8
69970,4
69971,9
69972,9
69973,1
69974,0
69975,4
69976,1
69977,5
69978,4
69979,9
69980,4
69981,8
69982,3
69983,4
69984,4
69985,7
69986,4
69987,8
69988,5
69989,1
69990,0
69991,2
69992,5
69993,8
69994,8
69995,3
69996,0
69997,8
69998,0
69999,0
70000,8
